# name: mu
# type: matrix
# rows: 5
# columns: 2
 3.55876 -0.963609
 5.82897 -2.51122
 -9.9267 -4.35633
 1.34063 0.504097
 -1.23147 0.524117


# name: sigma
# type: matrix
# rows: 5
# columns: 1
0.846087
0.956893
0.841922
0.934489
0.766534
