# name: mu
# type: matrix
# rows: 4
# columns: 2
 3.55876 -0.963609
 -1.23147 0.524117
 -10.6798 -3.54928
 5.82897 -2.51122


# name: sigma
# type: matrix
# rows: 4
# columns: 1
0.846087
0.766534
1.31945
0.956893
