# name: mu
# type: matrix
# rows: 3
# columns: 2
 -0.49756 -3.29175 -0.0181906
 1.4624 0.0511649 0.490798
 -3.47783 2.15125 0.938071


# name: sigma
# type: matrix
# rows: 3
# columns: 1
0.256237
0.265353
0.232514
