# name: mu
# type: matrix
# rows: 3
# columns: 2
 1.4624 0.0511649 0.490798
 -1.83903 -2.3552 -1.45339
 -3.47783 2.15125 0.938071


# name: sigma
# type: matrix
# rows: 3
# columns: 1
0.265353
0.389611
0.232514
