# name: mu
# type: matrix
# rows: 5
# columns: 2
 5.74343 -0.372422
 -7.36171 0.569088
 -0.229301 0.167568
 -3.65955 -0.266515
 -9.10067 -0.201873


# name: sigma
# type: matrix
# rows: 5
# columns: 1
0.978023
1.00306
0.886362
0.741832
0.940181
