# name: mu
# type: matrix
# rows: 4
# columns: 2
 5.74343 -0.372422
 -3.74928 -0.310455
 -7.36171 0.569088
 -0.229301 0.167568


# name: sigma
# type: matrix
# rows: 4
# columns: 1
0.978023
0.860493
1.00306
0.886362
