# name: mu
# type: matrix
# rows: 7
# columns: 2
 0.110298 0.051916
 1.2761 -0.979987
 -13.1646 2.95905
 4.0003 1.13492
 -13.2776 5.0225
 -9.76794 -3.37332
 3.97707 0.0118308


# name: sigma
# type: matrix
# rows: 7
# columns: 1
0.779637
0.786239
1.01393
1.04887
1.02333
1.24404
0.907185
