# name: mu
# type: matrix
# rows: 6
# columns: 2
 4.0003 1.13492
 0.110298 0.051916
 3.97707 0.0118308
 -9.76794 -3.37332
 -13.2776 5.0225
 1.2761 -0.979987


# name: sigma
# type: matrix
# rows: 6
# columns: 1
1.04887
0.779637
0.907185
1.24404
1.02333
0.786239
