# name: mu
# type: matrix
# rows: 5
# columns: 2
 4.7631 1.78262
 -0.123163 1.47993
 0.732328 0.118918
 11.0787 1.72022
 1.41508 -13.7178


# name: sigma
# type: matrix
# rows: 5
# columns: 1
0.860787
0.818076
0.897174
1.19612
1.16965
