# name: mu
# type: matrix
# rows: 3
# columns: 2
 4.7631 1.78262
 0.732328 0.118918
 -0.454539 1.3206


# name: sigma
# type: matrix
# rows: 3
# columns: 1
0.860787
0.897174
1.00307
