# name: mu
# type: matrix
# rows: 4
# columns: 2
 -1.49127 -1.41003 -1.0705
 0.4114 0.915694 0.702408
 -0.373211 2.6275 4.68873
 0.286115 -0.0119687 2.69875


# name: sigma
# type: matrix
# rows: 4
# columns: 1
0.295015
0.314975
0.2534
0.304608
