# name: mu
# type: matrix
# rows: 3
# columns: 2
 0.514742 3.32388 -1.20837
 1.46089 -1.22396 2.45935
 -3.38704 -0.931445 0.825207


# name: sigma
# type: matrix
# rows: 3
# columns: 1
0.268497
0.407151
0.29106
