# name: mu
# type: matrix
# rows: 6
# columns: 2
 2.67219 1.43789
 2.83999 -7.45152
 6.74222 2.75755
 3.37357 -0.773454
 15.8081 3.26982
 11.8191 0.438508


# name: sigma
# type: matrix
# rows: 6
# columns: 1
1.26286
1.00334
0.983132
0.790661
1.04552
1.05969
