# name: mu
# type: matrix
# rows: 5
# columns: 2
 15.8081 3.26982
 3.37357 -0.773454
 6.74222 2.75755
 3.45979 1.66971
 2.83999 -7.45152


# name: sigma
# type: matrix
# rows: 5
# columns: 1
1.04552
0.790661
0.983132
0.965476
1.00334
