# name: mu
# type: matrix
# rows: 7
# columns: 2
 -1.28327 0.538246
 4.40209 -0.229904
 4.92634 -1.08191
 0.894801 -5.87003
 13.9105 -3.54502
 2.34981 -1.95581
 -0.863034 -0.183282


# name: sigma
# type: matrix
# rows: 7
# columns: 1
0.791806
0.793331
0.98127
1.41582
1.0238
1.07578
1.08263
