# name: mu
# type: matrix
# rows: 4
# columns: 2
 0.135176 -1.38952
 -0.863034 -0.183282
 -1.28327 0.538246
 4.35389 -1.04358


# name: sigma
# type: matrix
# rows: 4
# columns: 1
0.965654
1.08263
0.791806
1.22951
