# name: mu
# type: matrix
# rows: 3
# columns: 2
 -2.93404 -0.482468 -0.634589
 0.512517 0.219539 0.932716
 -1.76219 3.34786 2.09764


# name: sigma
# type: matrix
# rows: 3
# columns: 1
0.36836
0.258774
0.287001
