# name: mu
# type: matrix
# rows: 2
# columns: 2
 -1.76219 3.34786 2.09764
 0.512517 0.219539 0.932716


# name: sigma
# type: matrix
# rows: 2
# columns: 1
0.287001
0.258774
