# name: mu
# type: matrix
# rows: 5
# columns: 2
 3.27075 0.645707 2.63621
 -2.16033 4.74658 2.37662
 -2.07516 -4.12162 -0.444607
 -0.240693 -0.776264 1.84368
 3.32734 -1.93804 -4.57147


# name: sigma
# type: matrix
# rows: 5
# columns: 1
0.29914
0.292555
0.394825
0.330176
0.29988
