# name: mu
# type: matrix
# rows: 5
# columns: 2
 -3.76788 -2.60561 0.207471
 -0.66576 2.05364 1.82371
 1.61361 -3.12901 2.23887
 0.517649 -0.694687 0.170936
 2.91523 0.589807 -4.12007


# name: sigma
# type: matrix
# rows: 5
# columns: 1
0.268245
0.284563
0.293497
0.29222
0.342589
