# name: mu
# type: matrix
# rows: 4
# columns: 2
 -0.571377 0.610336
 -3.73796 -0.0991259
 -7.97398 -12.289
 6.42475 0.650181


# name: sigma
# type: matrix
# rows: 4
# columns: 1
1.24012
1.11309
0.713043
0.736942
