# name: mu
# type: matrix
# rows: 5
# columns: 2
 2.98339 1.93023 -0.238883
 0.442028 2.31665 -0.458371
 2.96145 -3.08057 1.11333
 -0.966326 -2.08358 -1.63072
 2.12829 -2.79402 -2.27083


# name: sigma
# type: matrix
# rows: 5
# columns: 1
0.242653
0.354158
0.344674
0.321307
0.349378
