# name: mu
# type: matrix
# rows: 3
# columns: 2
 0.442028 2.31665 -0.458371
 2.96145 -3.08057 1.11333
 -1.44325 -1.84814 -1.78373


# name: sigma
# type: matrix
# rows: 3
# columns: 1
0.354158
0.344674
0.403737
