# name: mu
# type: matrix
# rows: 8
# columns: 2
 -6.6526 1.98733
 -2.49689 5.7819
 4.78062 0.490204
 11.0954 5.17442
 -2.94034 -0.0583185
 -3.12499 -0.873006
 -1.00542 -2.9883
 -4.89156 -0.0327944


# name: sigma
# type: matrix
# rows: 8
# columns: 1
0.798459
0.881629
1.03515
0.982849
0.830752
0.9149
0.968335
0.907397
