# name: mu
# type: matrix
# rows: 5
# columns: 2
 -6.6526 1.98733
 -3.12499 -0.873006
 4.78062 0.490204
 12.3892 5.44945
 -2.94034 -0.0583185


# name: sigma
# type: matrix
# rows: 5
# columns: 1
0.798459
0.9149
1.03515
1.05668
0.830752
