# name: mu
# type: matrix
# rows: 4
# columns: 2
 2.07008 1.78735 -3.75195
 -0.964274 1.02812 -0.803077
 -0.432255 -3.12855 2.25461
 3.01583 3.46625 -3.37971


# name: sigma
# type: matrix
# rows: 4
# columns: 1
0.367065
0.25565
0.246957
0.356801
