# name: mu
# type: matrix
# rows: 3
# columns: 2
 2.07008 1.78735 -3.75195
 -0.964274 1.02812 -0.803077
 -0.432255 -3.12855 2.25461


# name: sigma
# type: matrix
# rows: 3
# columns: 1
0.367065
0.25565
0.246957
