# name: mu
# type: matrix
# rows: 3
# columns: 2
 -2.20463 4.28659 -1.03091
 0.0242245 0.0565026 -0.760889
 -3.45056 0.95035 3.43222


# name: sigma
# type: matrix
# rows: 3
# columns: 1
0.410764
0.293127
0.37347
