# name: mu
# type: matrix
# rows: 2
# columns: 2
 -3.45056 0.95035 3.43222
 0.0242245 0.0565026 -0.760889


# name: sigma
# type: matrix
# rows: 2
# columns: 1
0.37347
0.293127
