# name: mu
# type: matrix
# rows: 3
# columns: 2
 -0.154661 0.526811 3.91658
 5.82211 -2.1138 -1.56858
 1.98966 1.15705 0.192073


# name: sigma
# type: matrix
# rows: 3
# columns: 1
0.444822
0.368644
0.32049
