# name: mu
# type: matrix
# rows: 6
# columns: 2
 -3.43944 7.54169
 -6.50258 -0.981343
 -3.28633 -0.759532
 0.542589 -1.06721
 1.34737 -0.0317995
 12.2294 -6.08693


# name: sigma
# type: matrix
# rows: 6
# columns: 1
0.975426
0.92199
0.757
1.02761
1.06607
0.86888
