# name: mu
# type: matrix
# rows: 5
# columns: 2
 10.0701 -5.21588
 1.34737 -0.0317995
 -6.30644 -0.832186
 0.542589 -1.06721
 -3.28633 -0.759532


# name: sigma
# type: matrix
# rows: 5
# columns: 1
1.33657
1.06607
0.852616
1.02761
0.757
