# name: mu
# type: matrix
# rows: 8
# columns: 2
 0.460918 0.0854191
 -0.91094 -2.52665
 -9.07984 0.980715
 -1.43229 0.804863
 2.32258 -1.17865
 -1.0507 -0.999679
 5.20439 1.35618
 6.96816 -3.72232


# name: sigma
# type: matrix
# rows: 8
# columns: 1
0.958599
0.780122
0.835695
1.0699
0.954821
0.957595
1.31703
1.03507
