# name: mu
# type: matrix
# rows: 6
# columns: 2
 7.5233 1.31047
 0.460918 0.0854191
 -9.07984 0.980715
 2.32258 -1.17865
 -1.43229 0.804863
 -0.91094 -2.52665


# name: sigma
# type: matrix
# rows: 6
# columns: 1
0.864448
0.958599
0.835695
0.954821
1.0699
0.780122
