# name: mu
# type: matrix
# rows: 4
# columns: 2
 0.656307 -1.00739 -0.0202787
 -1.75336 -4.85301 -1.32814
 -2.01341 0.857528 -2.53317
 1.61026 1.09972 1.10585


# name: sigma
# type: matrix
# rows: 4
# columns: 1
0.283321
0.285777
0.264255
0.415654
