# name: mu
# type: matrix
# rows: 5
# columns: 2
 -0.982312 1.33525 -1.1912
 9.04702 -6.78344 4.7388
 -1.53986 -0.872577 0.894707
 2.30232 0.693601 -2.92384
 1.45365 3.0092 1.18336


# name: sigma
# type: matrix
# rows: 5
# columns: 1
0.293063
0.490072
0.352777
0.304687
0.343718
