# name: mu
# type: matrix
# rows: 4
# columns: 2
 -1.53986 -0.872577 0.894707
 9.04702 -6.78344 4.7388
 2.30232 0.693601 -2.92384
 0.0518724 2.46954 0.432001


# name: sigma
# type: matrix
# rows: 4
# columns: 1
0.352777
0.490072
0.304687
0.278963
