# name: mu
# type: matrix
# rows: 5
# columns: 2
 0.26421 0.374759 0.385538
 -3.4716 2.46169 1.02491
 -3.80255 0.0900617 -2.36016
 -2.49149 -1.54662 3.10571
 -0.89527 -0.869446 -3.77173


# name: sigma
# type: matrix
# rows: 5
# columns: 1
0.349454
0.318054
0.300031
0.325138
0.30774
