# name: mu
# type: matrix
# rows: 4
# columns: 2
 -3.80255 0.0900617 -2.36016
 0.592832 0.236455 0.148397
 -2.49149 -1.54662 3.10571
 -3.4716 2.46169 1.02491


# name: sigma
# type: matrix
# rows: 4
# columns: 1
0.300031
0.3287
0.325138
0.318054
