# name: mu
# type: matrix
# rows: 6
# columns: 2
 6.54077 0.0559493
 0.816449 1.5743
 0.474141 -0.540773
 0.579649 0.190723
 4.5102 -0.24666
 20.0338 -6.24699


# name: sigma
# type: matrix
# rows: 6
# columns: 1
1.21064
0.94187
0.794149
0.934674
0.901797
1.15039
