# name: mu
# type: matrix
# rows: 8
# columns: 2
 -0.00542093 -1.10008
 0.963556 0.542217
 7.60229 -0.0472087
 -1.32638 -0.0914645
 7.76378 0.42858
 -6.81449 0.245663
 5.5658 -0.533824
 3.4372 -3.61252


# name: sigma
# type: matrix
# rows: 8
# columns: 1
0.773783
0.944918
1.25537
0.822162
1.11848
0.819685
1.04057
0.962399
