# name: mu
# type: matrix
# rows: 5
# columns: 2
 -0.68012 0.0174647
 6.86454 0.249272
 0.857792 -1.15052
 -7.54038 -0.0872918
 0.963556 0.542217


# name: sigma
# type: matrix
# rows: 5
# columns: 1
1.04145
1.2426
1.10003
1.13572
0.944918
