# name: mu
# type: matrix
# rows: 7
# columns: 2
 1.28709 0.227164
 -6.0158 1.42281
 9.73958 -4.92322
 -2.71802 -0.223927
 6.98758 -2.96247
 7.63922 -0.622921
 4.76106 -0.803609


# name: sigma
# type: matrix
# rows: 7
# columns: 1
0.798092
1.00349
1.32314
1.02887
0.922361
1.21123
0.968519
