# name: mu
# type: matrix
# rows: 6
# columns: 2
 1.28709 0.227164
 4.76106 -0.803609
 7.63922 -0.622921
 -6.0158 1.42281
 9.73958 -4.92322
 -2.71802 -0.223927


# name: sigma
# type: matrix
# rows: 6
# columns: 1
0.798092
0.968519
1.21123
1.00349
1.32314
1.02887
