# name: mu
# type: matrix
# rows: 4
# columns: 2
 -1.57927 -1.1603 2.16454
 -1.24221 3.49874 3.01192
 0.669053 -2.18683 1.04897
 1.61026 3.22752 0.336823


# name: sigma
# type: matrix
# rows: 4
# columns: 1
0.212797
0.268051
0.325193
0.310021
