# name: mu
# type: matrix
# rows: 3
# columns: 2
 1.61026 3.22752 0.336823
 0.669053 -2.18683 1.04897
 -1.24221 3.49874 3.01192


# name: sigma
# type: matrix
# rows: 3
# columns: 1
0.310021
0.325193
0.268051
