# name: mu
# type: matrix
# rows: 6
# columns: 2
 5.76104 -0.740724
 0.455151 0.0543604
 0.605757 0.647019
 -3.26746 3.25943
 -3.03894 0.219932
 -9.70385 -2.72234


# name: sigma
# type: matrix
# rows: 6
# columns: 1
0.815935
0.792147
0.670995
0.786547
0.840015
0.964303
