# name: mu
# type: matrix
# rows: 4
# columns: 2
 5.76104 -0.740724
 0.455151 0.0543604
 -3.26746 3.25943
 0.605757 0.647019


# name: sigma
# type: matrix
# rows: 4
# columns: 1
0.815935
0.792147
0.786547
0.670995
