# name: mu
# type: matrix
# rows: 7
# columns: 2
 14.079 1.14218
 0.842392 -0.337762
 -14.1877 -1.01122
 -1.10206 0.0461261
 20.7361 18.4958
 2.5624 -0.662843
 -13.15 0.53556


# name: sigma
# type: matrix
# rows: 7
# columns: 1
0.975107
1.09719
0.839097
0.782646
1.1663
1.11957
0.86653
