# name: mu
# type: matrix
# rows: 6
# columns: 2
 0.842392 -0.337762
 16.6415 2.43601
 -1.10206 0.0461261
 -13.15 0.53556
 -14.1877 -1.01122
 14.079 1.14218


# name: sigma
# type: matrix
# rows: 6
# columns: 1
1.09719
1.30992
0.782646
0.86653
0.839097
0.975107
