# name: mu
# type: matrix
# rows: 7
# columns: 2
 -1.49147 0.49372
 -1.20493 1.66707
 5.1078 1.92075
 1.73085 2.12679
 7.98117 -16.6144
 0.418756 0.175102
 15.535 -1.28082


# name: sigma
# type: matrix
# rows: 7
# columns: 1
1.23143
1.12152
0.688349
1.24436
0.956404
0.746684
1.10615
