# name: mu
# type: matrix
# rows: 5
# columns: 2
 -10.5832 13.4991
 5.1078 1.92075
 -1.49147 0.49372
 0.418756 0.175102
 -1.20493 1.66707


# name: sigma
# type: matrix
# rows: 5
# columns: 1
1.08389
0.688349
1.23143
0.746684
1.12152
