# name: mu
# type: matrix
# rows: 4
# columns: 2
 0.20168 1.51317 -1.16196
 -1.43915 -2.72604 3.10736
 -9.3306 -0.554855 -10.0235
 -0.428774 -2.05891 4.64159


# name: sigma
# type: matrix
# rows: 4
# columns: 1
0.323707
0.317124
0.414602
0.290548
