# name: mu
# type: matrix
# rows: 3
# columns: 2
 0.20168 1.51317 -1.16196
 -9.3306 -0.554855 -10.0235
 -1.43915 -2.72604 3.10736


# name: sigma
# type: matrix
# rows: 3
# columns: 1
0.323707
0.414602
0.317124
