# name: mu
# type: matrix
# rows: 4
# columns: 2
 5.04933 -1.09971
 1.78259 -0.668428
 5.57832 -0.888921
 1.71603 0.631966


# name: sigma
# type: matrix
# rows: 4
# columns: 1
0.979112
0.934159
0.881055
1.02107
