# name: mu
# type: matrix
# rows: 5
# columns: 2
 1.78259 -0.668428
 5.04933 -1.09971
 -1.99667 0.356
 -8.35208 -0.322394
 1.71603 0.631966


# name: sigma
# type: matrix
# rows: 5
# columns: 1
0.934159
0.979112
1.00938
0.905656
1.02107
