# name: mu
# type: matrix
# rows: 4
# columns: 2
 0.828928 0.59013
 0.818539 -0.416841
 6.87216 6.46877
 -2.01547 -7.15301


# name: sigma
# type: matrix
# rows: 4
# columns: 1
1.04364
0.785166
0.776428
0.990717
