# name: mu
# type: matrix
# rows: 6
# columns: 2
 3.21471 1.497
 -0.43382 -1.98684
 4.02039 0.282349
 -1.91989 -0.158806
 -2.10259 1.22997
 8.21748 2.53555


# name: sigma
# type: matrix
# rows: 6
# columns: 1
0.898307
1.21384
0.830079
0.993891
0.913464
0.920896
