# name: mu
# type: matrix
# rows: 4
# columns: 2
 -2.10259 1.22997
 -1.91989 -0.158806
 0.860757 -1.82841
 3.21471 1.497


# name: sigma
# type: matrix
# rows: 4
# columns: 1
0.913464
0.993891
0.946465
0.898307
