# name: mu
# type: matrix
# rows: 7
# columns: 2
 6.85892 -2.07817
 10.2505 4.5057
 3.90961 0.185494
 3.28304 4.70699
 -1.65412 -3.30561
 -14.1572 4.37301
 -4.06432 3.20568


# name: sigma
# type: matrix
# rows: 7
# columns: 1
0.967797
1.09676
0.764739
0.818174
0.974866
1.21946
0.969503
