# name: mu
# type: matrix
# rows: 6
# columns: 2
 3.28304 4.70699
 10.2505 4.5057
 3.90961 0.185494
 6.85892 -2.07817
 -4.06432 3.20568
 -1.65412 -3.30561


# name: sigma
# type: matrix
# rows: 6
# columns: 1
0.818174
1.09676
0.764739
0.967797
0.969503
0.974866
