# name: mu
# type: matrix
# rows: 6
# columns: 2
 5.43284 -0.461512
 8.22056 10.9702
 1.45352 -0.653268
 0.229428 -1.17104
 4.44752 1.06562
 11.3795 1.12105


# name: sigma
# type: matrix
# rows: 6
# columns: 1
0.872445
0.94547
0.971152
1.08352
0.744573
0.946351
