# name: mu
# type: matrix
# rows: 5
# columns: 2
 0.382777 -0.964547
 3.74085 7.64059
 5.43284 -0.461512
 13.9764 3.27636
 4.44752 1.06562


# name: sigma
# type: matrix
# rows: 5
# columns: 1
0.826996
1.01923
0.872445
0.929584
0.744573
