# name: mu
# type: matrix
# rows: 4
# columns: 2
 5.64277 5.97284
 -2.01288 0.308729
 0.735742 -0.405871
 1.03598 0.341241


# name: sigma
# type: matrix
# rows: 4
# columns: 1
0.760382
0.756204
0.860234
0.94546
