# name: mu
# type: matrix
# rows: 4
# columns: 2
 -2.01288 0.308729
 5.64277 5.97284
 1.03598 0.341241
 0.735742 -0.405871


# name: sigma
# type: matrix
# rows: 4
# columns: 1
0.756204
0.760382
0.94546
0.860234
