# name: mu
# type: matrix
# rows: 7
# columns: 2
 0.874546 4.06278
 -1.84715 -1.45395
 2.34658 -0.996834
 13.7247 2.64135
 3.79746 -5.12192
 -31.1926 -23.0388
 -0.223933 0.988766


# name: sigma
# type: matrix
# rows: 7
# columns: 1
0.91083
0.967193
0.649319
0.958044
1.12915
1.28344
0.853648
