# name: mu
# type: matrix
# rows: 7
# columns: 2
 2.34658 -0.996834
 -31.1926 -23.0388
 -1.84715 -1.45395
 0.874546 4.06278
 3.79746 -5.12192
 -0.223933 0.988766
 13.7247 2.64135


# name: sigma
# type: matrix
# rows: 7
# columns: 1
0.649319
1.28344
0.967193
0.91083
1.12915
0.853648
0.958044
