# name: mu
# type: matrix
# rows: 4
# columns: 2
 7.843 0.960754
 -2.58976 3.10904
 -0.106731 -0.794114
 4.68631 1.22835


# name: sigma
# type: matrix
# rows: 4
# columns: 1
0.831149
0.720979
0.849032
1.05236
