# name: mu
# type: matrix
# rows: 5
# columns: 2
 7.82773 -8.54428
 6.29768 0.67737
 6.71483 -1.19631
 -1.1254 0.811933
 -1.30196 -3.64976


# name: sigma
# type: matrix
# rows: 5
# columns: 1
0.930998
0.730065
1.03168
0.844483
1.11676
