# name: mu
# type: matrix
# rows: 4
# columns: 2
 6.71483 -1.19631
 6.29768 0.67737
 -9.46826 -15.9882
 -1.1254 0.811933


# name: sigma
# type: matrix
# rows: 4
# columns: 1
1.03168
0.730065
1.4029
0.844483
