# name: mu
# type: matrix
# rows: 8
# columns: 2
 1.84531 -1.38817
 -1.56173 -1.41297
 7.2851 0.206898
 -4.38949 -1.23135
 1.28884 0.56892
 3.84193 -0.953971
 -1.91593 0.786768
 6.93737 0.781353


# name: sigma
# type: matrix
# rows: 8
# columns: 1
0.944814
0.786189
1.03277
1.12957
0.950275
1.00131
1.23008
1.11655
