# name: mu
# type: matrix
# rows: 7
# columns: 2
 -1.56173 -1.41297
 1.28884 0.56892
 1.84531 -1.38817
 7.2851 0.206898
 -4.38949 -1.23135
 3.84193 -0.953971
 -1.91593 0.786768


# name: sigma
# type: matrix
# rows: 7
# columns: 1
0.786189
0.950275
0.944814
1.03277
1.12957
1.00131
1.23008
