# name: mu
# type: matrix
# rows: 8
# columns: 2
 4.22843 9.21401
 1.40032 -1.52216
 -8.56961 0.11192
 0.558351 0.00185195
 -4.17511 1.65806
 -4.33362 0.225202
 -6.45185 -2.04452
 0.213047 -3.08481


# name: sigma
# type: matrix
# rows: 8
# columns: 1
0.935036
1.07691
0.964703
0.752114
0.725944
1.13067
0.905527
0.778444
