# name: mu
# type: matrix
# rows: 7
# columns: 2
 -1.26142 -1.16771
 -8.56961 0.11192
 1.40032 -1.52216
 0.558351 0.00185195
 0.281362 3.40666
 -4.33362 0.225202
 -4.17511 1.65806


# name: sigma
# type: matrix
# rows: 7
# columns: 1
0.896538
0.964703
1.07691
0.752114
1.01524
1.13067
0.725944
