# name: mu
# type: matrix
# rows: 5
# columns: 2
 7.2711 0.529143
 -4.74362 -1.86562
 -8.70719 5.15844
 2.71725 -0.639168
 9.47994 2.39187


# name: sigma
# type: matrix
# rows: 5
# columns: 1
1.00733
0.847193
0.769285
1.31044
0.944744
