# name: mu
# type: matrix
# rows: 5
# columns: 2
 0.917931 -0.367944
 -3.28568 0.00981691
 0.367803 -0.984466
 -5.60682 -5.30105
 0.934308 0.465979


# name: sigma
# type: matrix
# rows: 5
# columns: 1
1.09341
0.862454
0.858789
0.977403
0.930105
