# name: mu
# type: matrix
# rows: 5
# columns: 2
 -4.75038 0.545067
 -1.70497 -0.660061
 -6.04687 0.475874
 4.12127 5.26395
 -9.00526 -1.25099


# name: sigma
# type: matrix
# rows: 5
# columns: 1
1.02305
1.21332
0.655139
0.641565
1.41819
