# name: mu
# type: matrix
# rows: 5
# columns: 2
 4.12127 5.26395
 -1.07065 -0.0956487
 0.144142 -0.979958
 -9.00526 -1.25099
 -4.75038 0.545067


# name: sigma
# type: matrix
# rows: 5
# columns: 1
0.641565
0.928377
0.936452
1.41819
1.02305
