# name: mu
# type: matrix
# rows: 3
# columns: 2
 -2.16961 -2.54351 -1.39669
 0.753991 1.11315 -0.592972
 -7.01787 2.5598 -0.928483


# name: sigma
# type: matrix
# rows: 3
# columns: 1
0.260433
0.291723
0.278399
