# name: mu
# type: matrix
# rows: 6
# columns: 2
 -5.15916 5.28115
 3.8829 -2.45444
 -1.5173 0.0869039
 4.27552 -0.84568
 10.791 -2.55718
 21.53 1.9208


# name: sigma
# type: matrix
# rows: 6
# columns: 1
1.03029
0.706202
0.818679
1.08644
0.860193
0.931905
