# name: mu
# type: matrix
# rows: 5
# columns: 2
 3.8829 -2.45444
 -1.5173 0.0869039
 4.27552 -0.84568
 4.51155 0.363699
 -7.11246 13.2119


# name: sigma
# type: matrix
# rows: 5
# columns: 1
0.706202
0.818679
1.08644
1.04457
1.06083
