# name: mu
# type: matrix
# rows: 4
# columns: 2
 -16.6114 1.90183
 -0.84903 -0.126595
 0.150212 -0.137521
 6.51893 -0.282874


# name: sigma
# type: matrix
# rows: 4
# columns: 1
1.18149
0.849113
0.988785
0.988015
