# name: mu
# type: matrix
# rows: 4
# columns: 2
 6.51893 -0.282874
 -11.4144 1.47453
 -0.84903 -0.126595
 -21.1971 -5.91442


# name: sigma
# type: matrix
# rows: 4
# columns: 1
0.988015
1.33313
0.849113
1.1605
