# name: mu
# type: matrix
# rows: 7
# columns: 2
 -6.30307 -0.46812
 -0.937574 -1.43998
 -7.07231 0.338924
 0.00482147 0.379694
 4.38815 -2.72869
 1.51483 -3.21805
 1.0932 -2.22717


# name: sigma
# type: matrix
# rows: 7
# columns: 1
0.925122
0.86808
0.763978
0.782286
0.999885
0.825144
1.03228
