# name: mu
# type: matrix
# rows: 7
# columns: 2
 0.474033 0.452396
 2.49047 -2.80617
 -6.30307 -0.46812
 -3.92298 -0.0899686
 -0.6475 -2.96894
 -7.07231 0.338924
 -0.937574 -1.43998


# name: sigma
# type: matrix
# rows: 7
# columns: 1
1.09356
1.22695
0.925122
1.09325
1.00876
0.763978
0.86808
