# name: mu
# type: matrix
# rows: 7
# columns: 2
 12.2568 -3.40977
 -3.97164 0.593983
 2.97997 -1.26867
 -0.576696 -0.88965
 3.65381 0.382673
 -5.72759 1.63336
 -4.81919 -0.258738


# name: sigma
# type: matrix
# rows: 7
# columns: 1
1.27106
1.20922
0.949617
1.01893
0.817044
0.808411
0.932949
