# name: mu
# type: matrix
# rows: 5
# columns: 2
 2.97997 -1.26867
 3.65381 0.382673
 -3.97164 0.593983
 -7.32384 -0.380712
 -0.576696 -0.88965


# name: sigma
# type: matrix
# rows: 5
# columns: 1
0.949617
0.817044
1.20922
1.09373
1.01893
