# name: mu
# type: matrix
# rows: 6
# columns: 2
 -1.01393 0.737241
 -8.79362 1.23498
 14.8472 2.86074
 -10.0256 4.20695
 3.87595 4.83558
 5.24322 -4.00338


# name: sigma
# type: matrix
# rows: 6
# columns: 1
0.736426
0.935485
1.26274
0.865673
0.772401
0.890731
