# name: mu
# type: matrix
# rows: 5
# columns: 2
 -10.0256 4.20695
 3.87595 4.83558
 14.8472 2.86074
 -8.79362 1.23498
 -1.01393 0.737241


# name: sigma
# type: matrix
# rows: 5
# columns: 1
0.865673
0.772401
1.26274
0.935485
0.736426
