# name: mu
# type: matrix
# rows: 8
# columns: 2
 5.69606 0.934604
 -0.836953 1.33137
 8.82746 0.843741
 -1.8568 0.187862
 -10.0722 18.914
 -15.9066 -2.4979
 1.27138 1.4165
 7.65487 8.15082


# name: sigma
# type: matrix
# rows: 8
# columns: 1
1.06023
0.931364
0.802036
0.8479
1.05874
0.979824
0.757973
0.954088
