# name: mu
# type: matrix
# rows: 5
# columns: 2
 8.82746 0.843741
 -1.8568 0.187862
 4.92944 0.481032
 -5.47122 0.675428
 -15.9066 -2.4979


# name: sigma
# type: matrix
# rows: 5
# columns: 1
0.802036
0.8479
0.934168
0.976397
0.979824
