# name: mu
# type: matrix
# rows: 5
# columns: 2
 -0.761737 -0.315357
 -12.5063 3.58831
 -5.13972 0.277293
 -0.649317 -0.613604
 -3.25423 -1.14569


# name: sigma
# type: matrix
# rows: 5
# columns: 1
1.04053
1.13928
0.900839
0.645267
0.637916
