# name: mu
# type: matrix
# rows: 5
# columns: 2
 -4.34573 1.64129
 -0.649317 -0.613604
 -0.761737 -0.315357
 -7.04835 2.48287
 -5.13972 0.277293


# name: sigma
# type: matrix
# rows: 5
# columns: 1
0.753168
0.645267
1.04053
1.18394
0.900839
