# name: mu
# type: matrix
# rows: 5
# columns: 2
 -0.493127 0.425075
 -0.706425 -2.12011
 -0.176363 -0.141999
 13.3614 -2.28813
 3.42372 0.737659


# name: sigma
# type: matrix
# rows: 5
# columns: 1
0.816551
0.846304
1.20734
0.971489
0.915888
