# name: mu
# type: matrix
# rows: 5
# columns: 2
 13.3614 -2.28813
 3.42372 0.737659
 -0.176363 -0.141999
 -5.75416 -3.93379
 -0.493127 0.425075


# name: sigma
# type: matrix
# rows: 5
# columns: 1
0.971489
0.915888
1.20734
1.54446
0.816551
