# name: mu
# type: matrix
# rows: 4
# columns: 2
 12.3531 -1.46467
 1.5196 0.422751
 -5.2523 2.23348
 7.00828 1.85151


# name: sigma
# type: matrix
# rows: 4
# columns: 1
0.934412
0.999677
0.763315
0.749524
