# name: mu
# type: matrix
# rows: 4
# columns: 2
 7.95759 -0.0194988
 3.93049 0.319878
 -5.8817 -0.68696
 2.27463 1.44835


# name: sigma
# type: matrix
# rows: 4
# columns: 1
1.06936
0.79642
0.875614
1.23257
