# name: mu
# type: matrix
# rows: 4
# columns: 2
 -5.8817 -0.68696
 2.27463 1.44835
 3.93049 0.319878
 7.95759 -0.0194988


# name: sigma
# type: matrix
# rows: 4
# columns: 1
0.875614
1.23257
0.79642
1.06936
