# name: mu
# type: matrix
# rows: 4
# columns: 2
 -6.14957 -3.69135
 -0.608544 0.486962
 1.84496 -0.374065
 -3.29719 1.9418


# name: sigma
# type: matrix
# rows: 4
# columns: 1
1.00253
1.19992
0.952753
0.825618
