# name: mu
# type: matrix
# rows: 6
# columns: 2
 -0.608544 0.486962
 -5.19877 -3.14523
 1.84496 -0.374065
 -3.29719 1.9418
 23.2025 2.60518
 5.39534 -14.059


# name: sigma
# type: matrix
# rows: 6
# columns: 1
1.19992
0.976565
0.952753
0.825618
1.59619
0.772817
