# name: mu
# type: matrix
# rows: 5
# columns: 2
 -6.97452 -1.11374
 -0.46383 -0.0142928
 -1.77208 0.274184
 3.78489 -0.0753697
 -2.05348 -2.76287


# name: sigma
# type: matrix
# rows: 5
# columns: 1
0.874194
0.907221
0.995259
0.852055
0.85571
