# name: mu
# type: matrix
# rows: 5
# columns: 2
 -0.46383 -0.0142928
 -2.05348 -2.76287
 -6.97452 -1.11374
 -1.77208 0.274184
 1.69097 0.55206


# name: sigma
# type: matrix
# rows: 5
# columns: 1
0.907221
0.85571
0.874194
0.995259
0.910358
