# name: mu
# type: matrix
# rows: 7
# columns: 2
 -1.80735 -2.24531
 0.133876 0.687879
 6.51429 -0.25355
 -7.48754 -0.8692
 -6.37758 1.39813
 3.72485 -1.04082
 -5.10749 -1.84808


# name: sigma
# type: matrix
# rows: 7
# columns: 1
0.918364
0.807106
0.891777
1.25854
1.20443
0.981128
0.949109
