# name: mu
# type: matrix
# rows: 5
# columns: 2
 -4.56327 -1.902
 0.133876 0.687879
 3.72485 -1.04082
 6.51429 -0.25355
 -1.80735 -2.24531


# name: sigma
# type: matrix
# rows: 5
# columns: 1
0.97193
0.807106
0.981128
0.891777
0.918364
