# name: mu
# type: matrix
# rows: 5
# columns: 2
 -6.36572 -0.724624
 -0.728948 -0.302298
 -8.01559 -5.9831
 18.3751 4.80302
 11.4276 1.65941


# name: sigma
# type: matrix
# rows: 5
# columns: 1
0.847129
0.787016
0.783465
1.55125
0.848324
