# name: mu
# type: matrix
# rows: 6
# columns: 2
 -3.09154 -2.27907 2.91241
 0.660815 1.14259 -0.591294
 -2.30362 1.16009 0.108521
 2.41643 0.0537248 3.11194
 -4.02634 9.11438 -8.48913
 5.77151 1.34128 -2.33139


# name: sigma
# type: matrix
# rows: 6
# columns: 1
0.270204
0.252354
0.365353
0.478966
0.337647
0.284083
