# name: mu
# type: matrix
# rows: 2
# columns: 2
 -5.73488 -0.991732
 -13.5625 2.44632


# name: sigma
# type: matrix
# rows: 2
# columns: 1
0.829793
0.869993
