# name: mu
# type: matrix
# rows: 1
# columns: 2
 -5.73488 -0.991732


# name: sigma
# type: matrix
# rows: 1
# columns: 1
0.829793
