# name: mu
# type: matrix
# rows: 6
# columns: 2
 -12.3503 5.62821
 2.02681 -1.06525
 -2.51165 0.474654
 -3.56892 -0.517137
 2.35211 -1.81667
 18.0943 10.2379


# name: sigma
# type: matrix
# rows: 6
# columns: 1
1.0836
0.715207
1.17409
0.77842
0.772092
0.812062
