# name: mu
# type: matrix
# rows: 4
# columns: 2
 2.35211 -1.81667
 -3.56892 -0.517137
 10.5955 -1.1814
 2.02681 -1.06525


# name: sigma
# type: matrix
# rows: 4
# columns: 1
0.772092
0.77842
0.849643
0.715207
