# name: mu
# type: matrix
# rows: 6
# columns: 2
 -1.09954 -2.73788
 -9.43411 1.24969
 0.656377 -0.0498292
 3.98752 -1.02037
 -3.37445 0.45943
 -7.42125 1.81845


# name: sigma
# type: matrix
# rows: 6
# columns: 1
0.811217
0.719058
1.10186
1.00534
1.09196
0.870816
