# name: mu
# type: matrix
# rows: 6
# columns: 2
 0.656377 -0.0498292
 -1.09954 -2.73788
 -9.43411 1.24969
 -3.98051 0.664831
 -10.1939 2.06803
 3.69501 -1.32731


# name: sigma
# type: matrix
# rows: 6
# columns: 1
1.10186
0.811217
0.719058
0.867719
0.932986
1.01901
