# name: mu
# type: matrix
# rows: 5
# columns: 2
 -1.81982 0.245069
 -3.32115 -0.988717
 1.05891 1.63515
 -9.57227 -1.21083
 4.33383 1.1362


# name: sigma
# type: matrix
# rows: 5
# columns: 1
1.04029
0.948557
0.873408
1.20207
0.847589
