# name: mu
# type: matrix
# rows: 4
# columns: 2
 4.33383 1.1362
 -5.32925 4.06892
 -3.32115 -0.988717
 -1.81982 0.245069


# name: sigma
# type: matrix
# rows: 4
# columns: 1
0.847589
0.738398
0.948557
1.04029
