# name: mu
# type: matrix
# rows: 9
# columns: 2
 -4.14562 0.420458
 10.6251 12.8232
 2.39022 -1.47317
 -8.21656 0.549985
 5.97025 -0.231326
 0.560333 0.168612
 -4.53821 3.37615
 8.35765 0.869007
 4.93202 1.08034


# name: sigma
# type: matrix
# rows: 9
# columns: 1
1.18468
0.985826
1.15189
0.868178
0.815551
1.08651
1.01849
0.860691
1.26953
