# name: mu
# type: matrix
# rows: 7
# columns: 2
 8.35765 0.869007
 0.560333 0.168612
 -4.53821 3.37615
 4.93202 1.08034
 -4.14562 0.420458
 2.39022 -1.47317
 -8.21656 0.549985


# name: sigma
# type: matrix
# rows: 7
# columns: 1
0.860691
1.08651
1.01849
1.26953
1.18468
1.15189
0.868178
