# name: mu
# type: matrix
# rows: 5
# columns: 2
 8.11536 -0.454751
 -0.0250121 0.879361
 8.05712 0.474074
 -7.77757 0.0701861
 4.0548 -1.4878


# name: sigma
# type: matrix
# rows: 5
# columns: 1
0.965916
1.39736
0.800731
0.882772
0.913861
