# name: mu
# type: matrix
# rows: 4
# columns: 2
 4.0548 -1.4878
 -7.77757 0.0701861
 8.05712 0.474074
 -0.0250121 0.879361


# name: sigma
# type: matrix
# rows: 4
# columns: 1
0.913861
0.882772
0.800731
1.39736
