# name: mu
# type: matrix
# rows: 1
# columns: 2
 0.273023 -0.99927 0.125676


# name: sigma
# type: matrix
# rows: 1
# columns: 1
0.313065
