# name: mu
# type: matrix
# rows: 3
# columns: 2
 1.23226 -5.21069 -0.319769
 0.767044 -0.242924 -0.768266
 1.9784 -2.76306 -3.94522


# name: sigma
# type: matrix
# rows: 3
# columns: 1
0.355982
0.328552
0.284414
