# name: mu
# type: matrix
# rows: 5
# columns: 2
 12.6303 -2.05201
 -5.06283 -6.06668
 -1.38744 0.042001
 0.186894 0.791074
 -3.65024 -1.65253


# name: sigma
# type: matrix
# rows: 5
# columns: 1
1.34821
0.897567
1.08875
0.889654
0.744436
