# name: mu
# type: matrix
# rows: 4
# columns: 2
 -1.38744 0.042001
 -3.65024 -1.65253
 6.37462 0.409482
 0.186894 0.791074


# name: sigma
# type: matrix
# rows: 4
# columns: 1
1.08875
0.744436
0.89138
0.889654
