# name: mu
# type: matrix
# rows: 6
# columns: 2
 -2.02474 0.893775
 -1.74139 0.893178
 -19.9278 14.6167
 -1.30477 0.187318
 0.984999 1.25016
 0.534033 -0.384737


# name: sigma
# type: matrix
# rows: 6
# columns: 1
1.1463
0.719208
1.0663
1.15803
0.998921
0.839471
