# name: mu
# type: matrix
# rows: 5
# columns: 2
 0.534033 -0.384737
 0.984999 1.25016
 -1.30477 0.187318
 5.08749 -13.0446
 -1.74139 0.893178


# name: sigma
# type: matrix
# rows: 5
# columns: 1
0.839471
0.998921
1.15803
0.918641
0.719208
