# name: mu
# type: matrix
# rows: 10
# columns: 2
 -1.01885 -0.0981348
 3.52049 0.723535
 -0.0621335 1.03762
 1.65077 -2.48908
 -2.74117 -0.160464
 2.18764 -3.77968
 0.462653 -0.454684
 -5.11813 0.716526
 -2.12926 0.145217
 -0.780773 0.701453


# name: sigma
# type: matrix
# rows: 10
# columns: 1
0.965856
0.861925
0.853417
0.940688
0.963624
1.11537
0.897512
0.785429
1.14743
1.14441
