# name: mu
# type: matrix
# rows: 8
# columns: 2
 -2.12926 0.145217
 -0.780773 0.701453
 -5.11813 0.716526
 0.462653 -0.454684
 1.65077 -2.48908
 3.52049 0.723535
 -0.0621335 1.03762
 -2.74117 -0.160464


# name: sigma
# type: matrix
# rows: 8
# columns: 1
1.14743
1.14441
0.785429
0.897512
0.940688
0.861925
0.853417
0.963624
