# name: mu
# type: matrix
# rows: 6
# columns: 2
 -4.88612 -1.10873
 -5.21868 -2.30484
 -2.50046 0.255187
 0.236783 0.656699
 1.40814 -0.216152
 -10.6138 -3.72876


# name: sigma
# type: matrix
# rows: 6
# columns: 1
0.879296
1.02179
0.792725
0.8489
1.36128
0.753567
