# name: mu
# type: matrix
# rows: 5
# columns: 2
 3.43437 -2.77191
 9.43773 0.189406
 2.44946 0.716969
 -1.14668 0.473425
 10.3953 4.02943


# name: sigma
# type: matrix
# rows: 5
# columns: 1
0.907474
1.32263
1.1149
0.895401
0.877293
