# name: mu
# type: matrix
# rows: 4
# columns: 2
 2.44946 0.716969
 -1.14668 0.473425
 9.43773 0.189406
 3.43437 -2.77191


# name: sigma
# type: matrix
# rows: 4
# columns: 1
1.1149
0.895401
1.32263
0.907474
