# name: mu
# type: matrix
# rows: 7
# columns: 2
 6.63389 -1.74681
 0.0709177 0.613913
 3.1567 7.74292
 -0.74276 1.78721
 4.12395 -4.52497
 0.412452 -0.723807
 4.34922 1.0484


# name: sigma
# type: matrix
# rows: 7
# columns: 1
1.07501
0.89758
0.833648
0.908756
1.39258
1.27846
0.928658
