# name: mu
# type: matrix
# rows: 5
# columns: 2
 0.412452 -0.723807
 0.0709177 0.613913
 4.34922 1.0484
 6.63389 -1.74681
 3.1567 7.74292


# name: sigma
# type: matrix
# rows: 5
# columns: 1
1.27846
0.89758
0.928658
1.07501
0.833648
