# name: mu
# type: matrix
# rows: 5
# columns: 2
 0.216837 -0.532892
 8.03173 -2.22901
 -1.62665 0.750714
 -1.23071 0.222678
 -1.41837 -0.413396


# name: sigma
# type: matrix
# rows: 5
# columns: 1
0.851266
0.95844
0.843444
0.792988
0.891361
