# name: mu
# type: matrix
# rows: 5
# columns: 2
 0.216837 -0.532892
 -1.23071 0.222678
 -1.41837 -0.413396
 7.70484 -2.40271
 -1.62665 0.750714


# name: sigma
# type: matrix
# rows: 5
# columns: 1
0.851266
0.792988
0.891361
0.896988
0.843444
