# name: mu
# type: matrix
# rows: 5
# columns: 2
 9.27875 -3.07963
 -1.8392 0.722404
 -3.53169 4.82044
 -4.07668 10.9332
 5.17682 0.281052


# name: sigma
# type: matrix
# rows: 5
# columns: 1
1.00418
0.969732
1.00963
0.747981
1.05598
