# name: mu
# type: matrix
# rows: 4
# columns: 2
 -1.8392 0.722404
 -3.53169 4.82044
 5.17682 0.281052
 -4.07668 10.9332


# name: sigma
# type: matrix
# rows: 4
# columns: 1
0.969732
1.00963
1.05598
0.747981
