# name: mu
# type: matrix
# rows: 7
# columns: 2
 2.02761 -2.02
 0.590394 -0.420518
 -10.887 -1.93181
 5.0872 -1.61431
 6.47774 -0.761066
 6.46592 1.63843
 7.39017 1.05046


# name: sigma
# type: matrix
# rows: 7
# columns: 1
0.942235
0.977949
1.00328
0.810472
1.0921
1.04132
0.897865
