# name: mu
# type: matrix
# rows: 6
# columns: 2
 -10.887 -1.93181
 2.02761 -2.02
 7.39017 1.05046
 6.46592 1.63843
 0.590394 -0.420518
 5.0872 -1.61431


# name: sigma
# type: matrix
# rows: 6
# columns: 1
1.00328
0.942235
0.897865
1.04132
0.977949
0.810472
