# name: mu
# type: matrix
# rows: 5
# columns: 2
 -2.88203 -0.154479
 -3.71572 -2.40816
 0.119155 17.4318
 4.89143 -1.44787
 1.02116 0.840602


# name: sigma
# type: matrix
# rows: 5
# columns: 1
0.993366
0.660955
0.95172
0.710735
0.83931
