# name: mu
# type: matrix
# rows: 4
# columns: 2
 -3.71572 -2.40816
 -2.88203 -0.154479
 1.02116 0.840602
 4.89143 -1.44787


# name: sigma
# type: matrix
# rows: 4
# columns: 1
0.660955
0.993366
0.83931
0.710735
