# name: mu
# type: matrix
# rows: 5
# columns: 2
 0.956782 -12.1297 9.96983
 0.0405559 0.0151275 -0.381039
 -2.68556 0.585837 -2.527
 3.3573 1.59235 -3.72575
 -3.46201 0.923528 -0.853018


# name: sigma
# type: matrix
# rows: 5
# columns: 1
0.511954
0.346557
0.298343
0.304483
0.387841
