# name: mu
# type: matrix
# rows: 4
# columns: 2
 3.3573 1.59235 -3.72575
 -2.68556 0.585837 -2.527
 0.0405559 0.0151275 -0.381039
 0.956782 -12.1297 9.96983


# name: sigma
# type: matrix
# rows: 4
# columns: 1
0.304483
0.298343
0.346557
0.511954
