# name: mu
# type: matrix
# rows: 4
# columns: 2
 -2.86178 0.187948
 -4.89941 -1.1852
 -14.2843 -4.43192
 0.61389 0.806022


# name: sigma
# type: matrix
# rows: 4
# columns: 1
1.14966
0.889994
0.826092
0.817126
