# name: mu
# type: matrix
# rows: 4
# columns: 2
 -8.69242 -3.24897
 -2.58735 0.346928
 -4.89941 -1.1852
 0.61389 0.806022


# name: sigma
# type: matrix
# rows: 4
# columns: 1
1.09122
0.975515
0.889994
0.817126
