# name: mu
# type: matrix
# rows: 5
# columns: 2
 0.33753 2.57502
 -9.34194 -3.93172
 1.9418 -0.745187
 -0.996557 -0.0377003
 4.25981 -1.45231


# name: sigma
# type: matrix
# rows: 5
# columns: 1
0.885448
0.924621
0.863368
1.02134
1.01254
