# name: mu
# type: matrix
# rows: 5
# columns: 2
 -0.813894 0.0300606
 -9.34194 -3.93172
 2.4284 -0.574643
 -9.47376 -0.742284
 4.25981 -1.45231


# name: sigma
# type: matrix
# rows: 5
# columns: 1
1.09149
0.924621
1.35986
1.05771
1.01254
