# name: mu
# type: matrix
# rows: 4
# columns: 2
 5.27209 1.86352
 0.872058 0.0679009
 2.92298 0.776247
 8.72955 3.41475


# name: sigma
# type: matrix
# rows: 4
# columns: 1
0.897181
0.875897
0.806948
0.846592
