# name: mu
# type: matrix
# rows: 4
# columns: 2
 -1.78862 0.545495
 3.81194 -0.974937
 -0.594316 -1.53243
 6.14954 -1.83505


# name: sigma
# type: matrix
# rows: 4
# columns: 1
0.857437
0.855358
0.969637
1.17417
