# name: mu
# type: matrix
# rows: 4
# columns: 2
 3.81194 -0.974937
 -1.78862 0.545495
 1.8619 0.149343
 5.22489 -2.73323


# name: sigma
# type: matrix
# rows: 4
# columns: 1
0.855358
0.857437
0.774322
0.741083
