# name: mu
# type: matrix
# rows: 7
# columns: 2
 -5.22806 -0.483085
 -16.3477 0.662538
 6.40371 -1.72877
 -10.4189 -1.70254
 6.4609 -2.26168
 4.60938 1.3723
 -4.0338 -0.678396


# name: sigma
# type: matrix
# rows: 7
# columns: 1
0.713644
0.946155
1.17878
1.04758
0.800736
1.03659
1.12072
