# name: mu
# type: matrix
# rows: 5
# columns: 2
 -10.4189 -1.70254
 -16.3477 0.662538
 4.60938 1.3723
 8.0667 -1.89236
 -4.46774 -0.683521


# name: sigma
# type: matrix
# rows: 5
# columns: 1
1.04758
0.946155
1.03659
0.760889
1.31377
