# name: mu
# type: matrix
# rows: 8
# columns: 2
 -1.76737 -1.11784
 12.9777 -6.45012
 3.72695 3.13545
 -8.64501 -20.6324
 -1.21699 1.63455
 -5.66972 2.29559
 7.61848 -1.24234
 7.49484 -4.18173


# name: sigma
# type: matrix
# rows: 8
# columns: 1
0.805882
1.04473
0.908225
1.03906
0.87151
1.05362
1.11254
1.25945
