# name: mu
# type: matrix
# rows: 8
# columns: 2
 -1.21699 1.63455
 -8.64501 -20.6324
 -5.66972 2.29559
 9.77384 7.14684
 12.9777 -6.45012
 7.61848 -1.24234
 -1.76737 -1.11784
 3.72695 3.13545


# name: sigma
# type: matrix
# rows: 8
# columns: 1
0.87151
1.03906
1.05362
1.08114
1.04473
1.11254
0.805882
0.908225
