# name: mu
# type: matrix
# rows: 8
# columns: 2
 -7.11189 -3.63748
 23.5277 -3.65619
 5.90786 -1.43079
 2.52964 0.327926
 -5.63446 -0.0446267
 -0.807421 -3.32747
 -0.163335 0.0948449
 4.07025 13.4537


# name: sigma
# type: matrix
# rows: 8
# columns: 1
0.717929
0.970838
0.710532
0.857292
1.30414
0.8961
0.820241
0.976115
