# name: mu
# type: matrix
# rows: 7
# columns: 2
 -0.807421 -3.32747
 1.86332 0.248944
 -11.5638 -0.474645
 -0.703097 0.115769
 5.90786 -1.43079
 18.5073 -2.60667
 -5.83526 0.08101


# name: sigma
# type: matrix
# rows: 7
# columns: 1
0.8961
0.814266
1.05358
1.08886
0.710532
1.06362
0.956503
