# name: mu
# type: matrix
# rows: 7
# columns: 2
 2.10791 -2.51247
 -2.3821 -0.121218
 10.8504 -0.380208
 -4.03529 -2.81727
 -11.8571 0.634951
 2.75666 0.523279
 2.04904 -0.64002


# name: sigma
# type: matrix
# rows: 7
# columns: 1
0.679441
0.925071
1.12687
0.819891
0.839456
0.95092
0.900572
