# name: mu
# type: matrix
# rows: 4
# columns: 2
 -5.33783 -0.65001
 2.04904 -0.64002
 1.41481 3.4746
 2.10791 -2.51247


# name: sigma
# type: matrix
# rows: 4
# columns: 1
0.778621
0.900572
0.952708
0.679441
