# name: mu
# type: matrix
# rows: 1
# columns: 2
 1.69475 -2.06496 2.22345


# name: sigma
# type: matrix
# rows: 1
# columns: 1
0.382985
