# name: mu
# type: matrix
# rows: 7
# columns: 2
 0.101592 -0.140711
 2.04196 -1.4635
 -3.05641 -0.287907
 3.30761 -0.256924
 9.72406 -0.32889
 -12.5928 -1.02572
 -1.8387 1.16379


# name: sigma
# type: matrix
# rows: 7
# columns: 1
0.815176
0.881001
0.836493
0.945943
0.834158
0.888039
1.18756
