# name: mu
# type: matrix
# rows: 5
# columns: 2
 3.30761 -0.256924
 2.04196 -1.4635
 -3.05641 -0.287907
 -1.8387 1.16379
 0.101592 -0.140711


# name: sigma
# type: matrix
# rows: 5
# columns: 1
0.945943
0.881001
0.836493
1.18756
0.815176
