# name: mu
# type: matrix
# rows: 4
# columns: 2
 3.86499 -2.54799
 4.40593 -0.755822
 -1.54358 -0.203292
 -5.42415 1.88651


# name: sigma
# type: matrix
# rows: 4
# columns: 1
0.910772
0.893026
0.984455
0.920706
