# name: mu
# type: matrix
# rows: 6
# columns: 2
 -0.487965 1.62338
 -6.77306 0.888566
 -13.5231 -9.46795
 2.00794 3.73854
 0.202383 -5.13218
 6.4417 0.238635


# name: sigma
# type: matrix
# rows: 6
# columns: 1
0.758881
1.25514
1.1683
1.09644
1.0923
1.11233
