# name: mu
# type: matrix
# rows: 6
# columns: 2
 -0.487965 1.62338
 6.71733 -0.0759241
 7.19967 -1.86274
 1.25039 4.39993
 1.3406 -0.916496
 1.37204 -6.50718


# name: sigma
# type: matrix
# rows: 6
# columns: 1
0.758881
0.975492
0.855111
1.18792
0.67307
0.945489
