# name: mu
# type: matrix
# rows: 5
# columns: 2
 -1.12061 -1.20028
 12.8649 -6.23881
 -1.24252 1.7664
 -9.72612 -22.076
 -1.89292 0.431877


# name: sigma
# type: matrix
# rows: 5
# columns: 1
0.817229
0.891357
0.832275
0.844135
1.28299
