# name: mu
# type: matrix
# rows: 4
# columns: 2
 -1.24252 1.7664
 -9.72612 -22.076
 -1.12061 -1.20028
 13.9874 -7.07501


# name: sigma
# type: matrix
# rows: 4
# columns: 1
0.832275
0.844135
0.817229
1.10727
