# name: mu
# type: matrix
# rows: 5
# columns: 2
 6.05675 0.0237317
 -0.924261 -0.579361
 2.78763 -1.70914
 0.278054 -0.21643
 -5.0598 -0.65351


# name: sigma
# type: matrix
# rows: 5
# columns: 1
0.738018
1.00278
0.730504
0.733669
0.964568
