# name: mu
# type: matrix
# rows: 5
# columns: 2
 -4.71208 -0.646492
 0.278054 -0.21643
 2.78763 -1.70914
 -0.924261 -0.579361
 6.05675 0.0237317


# name: sigma
# type: matrix
# rows: 5
# columns: 1
0.956956
0.733669
0.730504
1.00278
0.738018
