# name: mu
# type: matrix
# rows: 5
# columns: 2
 4.80186 -2.86258 2.78137
 -1.8169 0.253467 0.758819
 1.09444 3.52306 0.827805
 -0.426755 -1.93994 -2.89193
 0.857081 0.144338 -0.0337257


# name: sigma
# type: matrix
# rows: 5
# columns: 1
0.247174
0.312306
0.263307
0.295275
0.239262
