# name: mu
# type: matrix
# rows: 4
# columns: 2
 4.80186 -2.86258 2.78137
 1.09444 3.52306 0.827805
 -0.185292 -1.98482 -1.79112
 -1.8169 0.253467 0.758819


# name: sigma
# type: matrix
# rows: 4
# columns: 1
0.247174
0.263307
0.264673
0.312306
