# name: mu
# type: matrix
# rows: 3
# columns: 2
 -0.53607 0.0603617 0.572922
 -0.907789 -4.41138 2.83829
 2.40832 -1.15489 0.118731


# name: sigma
# type: matrix
# rows: 3
# columns: 1
0.364524
0.39486
0.315917
