# name: mu
# type: matrix
# rows: 5
# columns: 2
 -3.91871 0.200324
 -1.50635 -2.42551
 -7.46679 -1.18884
 4.69062 -0.341321
 -1.1556 0.180776


# name: sigma
# type: matrix
# rows: 5
# columns: 1
0.776613
0.869126
0.938839
1.01129
0.965224
