# name: mu
# type: matrix
# rows: 4
# columns: 2
 -1.99254 -2.58809
 -7.46679 -1.18884
 4.39267 -0.163734
 -1.1556 0.180776


# name: sigma
# type: matrix
# rows: 4
# columns: 1
0.786762
0.938839
0.882118
0.965224
