# name: mu
# type: matrix
# rows: 3
# columns: 2
 -0.0855018 7.27905 -12.48
 1.05307 2.21741 -6.54338
 -0.0660333 -0.792474 -1.19425


# name: sigma
# type: matrix
# rows: 3
# columns: 1
0.332454
0.41904
0.283726
