# name: mu
# type: matrix
# rows: 4
# columns: 2
 0.532628 0.744124 0.274824
 0.0105267 -1.30441 -5.53684
 1.71101 -2.60803 2.64297
 -0.616731 0.923046 -2.96791


# name: sigma
# type: matrix
# rows: 4
# columns: 1
0.248879
0.417224
0.386002
0.262586
