# name: mu
# type: matrix
# rows: 10
# columns: 2
 -2.2491 3.22645
 4.82397 -0.0245967
 7.74669 -0.222376
 10.5708 3.26347
 -1.03269 -1.51774
 1.73915 -5.31773
 0.721518 -0.28103
 0.546185 2.13618
 -4.75239 0.0381535
 -2.34663 0.0558286


# name: sigma
# type: matrix
# rows: 10
# columns: 1
1.0302
0.98905
1.28371
1.14933
0.908371
0.946923
1.01833
0.824233
0.774453
0.85726
