# name: mu
# type: matrix
# rows: 8
# columns: 2
 10.5708 3.26347
 1.73915 -5.31773
 7.74669 -0.222376
 0.546185 2.13618
 -2.34663 0.0558286
 0.721518 -0.28103
 -1.03269 -1.51774
 4.82397 -0.0245967


# name: sigma
# type: matrix
# rows: 8
# columns: 1
1.14933
0.946923
1.28371
0.824233
0.85726
1.01833
0.908371
0.98905
