# name: mu
# type: matrix
# rows: 7
# columns: 2
 4.72241 0.231898
 14.2814 1.28151
 6.70755 1.42508
 -5.89074 3.43356
 12.2707 -6.49748
 -11.2634 -1.30353
 -1.63426 0.182224


# name: sigma
# type: matrix
# rows: 7
# columns: 1
1.01915
0.97683
0.869754
0.940696
1.05124
1.13283
0.874087
