# name: mu
# type: matrix
# rows: 5
# columns: 2
 6.70755 1.42508
 -5.89074 3.43356
 4.72241 0.231898
 -11.2634 -1.30353
 -1.63426 0.182224


# name: sigma
# type: matrix
# rows: 5
# columns: 1
0.869754
0.940696
1.01915
1.13283
0.874087
