# name: mu
# type: matrix
# rows: 9
# columns: 2
 -0.783623 -0.780216
 1.36572 0.587091
 9.69944 1.61423
 0.764451 1.01018
 7.28333 1.63833
 3.97365 2.7236
 5.04271 -3.53666
 0.632543 0.00845943
 -1.70586 -0.215814


# name: sigma
# type: matrix
# rows: 9
# columns: 1
0.843476
0.84194
1.04736
0.928798
1.05099
0.840972
0.954258
0.966137
0.925755
