# name: mu
# type: matrix
# rows: 6
# columns: 2
 -1.70586 -0.215814
 1.10448 -0.156924
 5.37128 -3.31412
 9.69944 1.61423
 1.66001 1.34924
 6.06726 -0.120102


# name: sigma
# type: matrix
# rows: 6
# columns: 1
0.925755
1.04932
1.06463
1.04736
1.07697
0.8332
