# name: mu
# type: matrix
# rows: 6
# columns: 2
 4.68426 -0.740509
 -0.610118 0.168468
 -2.89024 -0.961498
 -9.27275 1.69157
 2.50383 0.484074
 0.274382 10.5726


# name: sigma
# type: matrix
# rows: 6
# columns: 1
0.865222
0.949359
1.0928
1.01729
0.647154
0.780617
