# name: mu
# type: matrix
# rows: 5
# columns: 2
 2.50383 0.484074
 -2.89024 -0.961498
 4.68426 -0.740509
 -9.27275 1.69157
 -0.610118 0.168468


# name: sigma
# type: matrix
# rows: 5
# columns: 1
0.647154
1.0928
0.865222
1.01729
0.949359
