# name: mu
# type: matrix
# rows: 5
# columns: 2
 -0.208514 0.687326
 2.88502 -2.04008
 0.801807 0.814062
 0.896274 -0.00648464
 -3.36519 -1.63884


# name: sigma
# type: matrix
# rows: 5
# columns: 1
0.979717
0.960693
0.794019
0.825154
0.876955
