# name: mu
# type: matrix
# rows: 5
# columns: 2
 0.801807 0.814062
 1.72613 -0.215891
 -0.208514 0.687326
 1.32953 -3.86756
 -3.36519 -1.63884


# name: sigma
# type: matrix
# rows: 5
# columns: 1
0.794019
0.877592
0.979717
1.26039
0.876955
