# name: mu
# type: matrix
# rows: 5
# columns: 2
 2.34405 0.162984
 -3.75916 29.1789
 -3.2551 1.70057
 -6.36297 29.2069
 -0.465807 -0.823039


# name: sigma
# type: matrix
# rows: 5
# columns: 1
0.915045
1.24659
0.890379
1.11778
0.885564
