# name: mu
# type: matrix
# rows: 4
# columns: 2
 -0.465807 -0.823039
 -4.94509 28.4958
 -12.4296 -4.61916
 -5.19838 2.08145


# name: sigma
# type: matrix
# rows: 4
# columns: 1
0.885564
1.01664
1.22409
1.25915
