# name: mu
# type: matrix
# rows: 5
# columns: 2
 7.06874 1.54445
 0.960779 -0.395097
 0.431752 -2.38258
 -2.67072 0.344931
 -5.0799 1.61017


# name: sigma
# type: matrix
# rows: 5
# columns: 1
0.904075
0.759063
0.751445
0.961288
1.00834
