# name: mu
# type: matrix
# rows: 4
# columns: 2
 0.431752 -2.38258
 0.960779 -0.395097
 2.24782 4.44517
 7.99694 1.5086


# name: sigma
# type: matrix
# rows: 4
# columns: 1
0.751445
0.759063
1.04357
1.03221
