# name: mu
# type: matrix
# rows: 6
# columns: 2
 3.53249 1.08922
 -0.906549 1.65952
 13.7987 5.09859
 4.55148 -0.857044
 -11.3938 -3.14887
 5.22076 13.4802


# name: sigma
# type: matrix
# rows: 6
# columns: 1
0.830396
0.783384
1.14676
0.787906
1.10718
1.04318
