# name: mu
# type: matrix
# rows: 5
# columns: 2
 -11.3938 -3.14887
 4.55148 -0.857044
 13.7987 5.09859
 -0.906549 1.65952
 3.53249 1.08922


# name: sigma
# type: matrix
# rows: 5
# columns: 1
1.10718
0.787906
1.14676
0.783384
0.830396
