# name: mu
# type: matrix
# rows: 7
# columns: 2
 -7.97873 0.437996
 4.62371 -0.953976
 0.451484 0.203159
 2.24472 0.393418
 -1.5333 0.0950181
 0.197604 -0.568708
 3.30732 0.524544


# name: sigma
# type: matrix
# rows: 7
# columns: 1
0.996984
0.726015
1.0714
0.846894
1.38397
0.962383
1.15334
