# name: mu
# type: matrix
# rows: 6
# columns: 2
 5.64298 -0.427214
 3.30732 0.524544
 0.197604 -0.568708
 0.451484 0.203159
 -2.50095 -1.89144
 -0.0588426 0.997261


# name: sigma
# type: matrix
# rows: 6
# columns: 1
0.955057
1.15334
0.962383
1.0714
0.841477
0.976128
