# name: mu
# type: matrix
# rows: 4
# columns: 2
 -4.28949 7.49563
 -4.64599 1.86957
 -9.97199 -0.452178
 0.0663116 0.515222


# name: sigma
# type: matrix
# rows: 4
# columns: 1
0.878301
0.841937
1.12066
0.75765
