# name: mu
# type: matrix
# rows: 4
# columns: 2
 0.0663116 0.515222
 -4.28949 7.49563
 -5.74131 2.04794
 -9.97199 -0.452178


# name: sigma
# type: matrix
# rows: 4
# columns: 1
0.75765
0.878301
1.20198
1.12066
