# name: mu
# type: matrix
# rows: 6
# columns: 2
 -4.24259 2.89763 2.44619
 -5.78975 0.441928 2.04395
 2.9924 -0.177817 -0.941333
 0.849752 -2.73062 0.486135
 -1.28231 2.67357 -4.30461
 0.814732 -1.16772 -3.50848


# name: sigma
# type: matrix
# rows: 6
# columns: 1
0.324354
0.291504
0.313496
0.275035
0.35324
0.409653
