# name: mu
# type: matrix
# rows: 6
# columns: 2
 -5.78975 0.441928 2.04395
 0.814732 -1.16772 -3.50848
 -4.24259 2.89763 2.44619
 -1.28231 2.67357 -4.30461
 -1.25368 -1.50622 0.683303
 2.9924 -0.177817 -0.941333


# name: sigma
# type: matrix
# rows: 6
# columns: 1
0.291504
0.409653
0.324354
0.35324
0.278078
0.313496
