# name: mu
# type: matrix
# rows: 4
# columns: 2
 11.9814 -1.58379
 0.834452 -0.787733
 -3.90288 0.0949476
 -4.26752 -4.0836


# name: sigma
# type: matrix
# rows: 4
# columns: 1
1.26961
1.32722
0.752035
0.981936
