# name: mu
# type: matrix
# rows: 4
# columns: 2
 0.834452 -0.787733
 11.9814 -1.58379
 -4.26752 -4.0836
 -3.90288 0.0949476


# name: sigma
# type: matrix
# rows: 4
# columns: 1
1.32722
1.26961
0.981936
0.752035
