# name: mu
# type: matrix
# rows: 5
# columns: 2
 -1.01496 -4.06221 -1.51706
 -5.04185 -1.2004 1.57798
 2.53821 7.05734 0.0293493
 3.92993 1.38547 -2.87038
 2.19377 -0.582465 2.4022


# name: sigma
# type: matrix
# rows: 5
# columns: 1
0.265201
0.248809
0.332607
0.364844
0.252715
