# name: mu
# type: matrix
# rows: 4
# columns: 2
 1.93416 0.914433 -1.13918
 -0.976897 -4.21257 0.489373
 -9.60313 0.0053666 2.24191
 1.08655 0.310147 0.190209


# name: sigma
# type: matrix
# rows: 4
# columns: 1
0.347728
0.259288
0.406668
0.278796
