# name: mu
# type: matrix
# rows: 3
# columns: 2
 1.08655 0.310147 0.190209
 -0.976897 -4.21257 0.489373
 -9.60313 0.0053666 2.24191


# name: sigma
# type: matrix
# rows: 3
# columns: 1
0.278796
0.259288
0.406668
