# name: mu
# type: matrix
# rows: 7
# columns: 2
 -4.30343 -2.33435
 0.563426 -2.02743
 -5.70077 -0.413391
 -4.23995 1.39089
 -2.85029 0.995507
 -9.26373 -7.4817
 -1.71733 -0.222258


# name: sigma
# type: matrix
# rows: 7
# columns: 1
1.12735
1.38409
0.853753
0.833704
1.00328
1.01623
1.00038
