# name: mu
# type: matrix
# rows: 4
# columns: 2
 0.802897 -4.06824 -1.37161
 5.71509 -4.26957 6.66889
 0.170105 -3.24554 6.25871
 0.14938 0.597355 1.73902


# name: sigma
# type: matrix
# rows: 4
# columns: 1
0.274931
0.319519
0.293152
0.359041
