# name: mu
# type: matrix
# rows: 6
# columns: 2
 4.34548 -0.252828
 -6.09976 -0.435516
 -4.2172 0.223606
 -1.56529 1.26922
 0.834037 0.247116
 -3.46926 -1.57291


# name: sigma
# type: matrix
# rows: 6
# columns: 1
1.01908
1.04576
0.907633
0.929518
1.16243
0.800418
