# name: mu
# type: matrix
# rows: 5
# columns: 2
 -6.09976 -0.435516
 -1.56529 1.26922
 4.34548 -0.252828
 1.14074 0.0943593
 -2.18853 0.426827


# name: sigma
# type: matrix
# rows: 5
# columns: 1
1.04576
0.929518
1.01908
1.33277
1.01302
