# name: mu
# type: matrix
# rows: 5
# columns: 2
 -1.41489 0.0983629
 3.78883 -0.973911
 1.12885 0.159207
 -11.2212 -1.29225
 1.282 1.50399


# name: sigma
# type: matrix
# rows: 5
# columns: 1
0.837326
0.879249
0.954146
0.88579
0.726068
