# name: mu
# type: matrix
# rows: 4
# columns: 2
 1.12885 0.159207
 -7.4997 0.895367
 1.282 1.50399
 3.78883 -0.973911


# name: sigma
# type: matrix
# rows: 4
# columns: 1
0.954146
0.987122
0.726068
0.879249
