# name: mu
# type: matrix
# rows: 5
# columns: 2
 7.1915 -0.227753
 -3.74618 0.699418
 -2.95832 -0.290788
 -1.69723 -1.38398
 -0.452029 2.1749


# name: sigma
# type: matrix
# rows: 5
# columns: 1
0.985439
1.11597
0.80055
0.924982
1.07499
