# name: mu
# type: matrix
# rows: 4
# columns: 2
 -2.95832 -0.290788
 -3.74618 0.699418
 -1.69723 -1.38398
 -0.452029 2.1749


# name: sigma
# type: matrix
# rows: 4
# columns: 1
0.80055
1.11597
0.924982
1.07499
