# name: mu
# type: matrix
# rows: 4
# columns: 2
 -1.24536 -4.46268 1.55092
 1.12935 6.20144 0.931385
 0.0111458 -0.0766015 -0.245253
 -2.04286 1.26711 2.68031


# name: sigma
# type: matrix
# rows: 4
# columns: 1
0.272264
0.270312
0.275795
0.304553
