# name: mu
# type: matrix
# rows: 7
# columns: 2
 -3.31426 -1.00427
 -4.90102 4.63784
 1.41423 1.68406
 -5.81143 0.16151
 0.193231 4.63577
 3.86613 1.15632
 -0.647989 0.267475


# name: sigma
# type: matrix
# rows: 7
# columns: 1
1.02613
0.90772
0.765503
0.825403
1.26388
0.795264
0.96501
