# name: mu
# type: matrix
# rows: 5
# columns: 2
 -4.90102 4.63784
 3.86613 1.15632
 -0.647989 0.267475
 5.85707 3.48143
 -3.31426 -1.00427


# name: sigma
# type: matrix
# rows: 5
# columns: 1
0.90772
0.795264
0.96501
0.9017
1.02613
