# name: mu
# type: matrix
# rows: 5
# columns: 2
 -19.3344 -5.53041
 -3.59445 0.338808
 -5.07049 -1.22748
 0.555202 0.852954
 -14.7831 1.25093


# name: sigma
# type: matrix
# rows: 5
# columns: 1
0.997467
0.674325
0.859821
0.789264
1.01743
