# name: mu
# type: matrix
# rows: 5
# columns: 2
 -19.3344 -5.53041
 -3.59445 0.338808
 7.35499 -0.85101
 0.555202 0.852954
 -5.07049 -1.22748


# name: sigma
# type: matrix
# rows: 5
# columns: 1
0.997467
0.674325
0.98797
0.789264
0.859821
