# name: mu
# type: matrix
# rows: 6
# columns: 2
 -11.5594 2.98753
 -6.74973 -0.940231
 2.10813 -0.266511
 -0.746168 0.272012
 -1.63196 -2.65853
 -13.8849 1.83055


# name: sigma
# type: matrix
# rows: 6
# columns: 1
0.861851
1.07573
1.3202
0.961343
1.08754
0.967511
