# name: mu
# type: matrix
# rows: 4
# columns: 2
 -1.63196 -2.65853
 -0.746168 0.272012
 -6.74973 -0.940231
 2.10813 -0.266511


# name: sigma
# type: matrix
# rows: 4
# columns: 1
1.08754
0.961343
1.07573
1.3202
