# name: mu
# type: matrix
# rows: 5
# columns: 2
 1.87325 0.521774
 3.34538 -2.9203
 1.68395 -1.23615
 -0.783196 0.506887
 0.0251568 -2.61437


# name: sigma
# type: matrix
# rows: 5
# columns: 1
0.962166
0.671998
0.933685
1.40138
0.685407
