# name: mu
# type: matrix
# rows: 4
# columns: 2
 1.87325 0.521774
 3.34538 -2.9203
 -1.59962 0.690425
 -2.5858 -1.61988


# name: sigma
# type: matrix
# rows: 4
# columns: 1
0.962166
0.671998
1.42367
0.957898
