# name: mu
# type: matrix
# rows: 5
# columns: 2
 1.27233 -0.554586 3.71629
 3.85098 -0.630181 -1.60749
 -3.70341 2.12513 1.10765
 -1.34547 -4.38276 4.16022
 0.188028 -0.533715 0.21058


# name: sigma
# type: matrix
# rows: 5
# columns: 1
0.337181
0.358235
0.308744
0.340428
0.278543
