# name: mu
# type: matrix
# rows: 3
# columns: 2
 -3.70341 2.12513 1.10765
 0.188028 -0.533715 0.21058
 -1.34547 -4.38276 4.16022


# name: sigma
# type: matrix
# rows: 3
# columns: 1
0.308744
0.278543
0.340428
