# name: mu
# type: matrix
# rows: 6
# columns: 2
 -15.4026 -1.56393
 7.49186 0.105998
 4.05937 0.291051
 1.08285 0.771531
 -5.92802 -1.65333
 -8.11061 4.81573


# name: sigma
# type: matrix
# rows: 6
# columns: 1
0.805565
0.683521
0.746161
1.05151
1.02228
1.14109
