# name: mu
# type: matrix
# rows: 5
# columns: 2
 4.05937 0.291051
 7.49186 0.105998
 1.08285 0.771531
 8.93817 0.471046
 -5.92802 -1.65333


# name: sigma
# type: matrix
# rows: 5
# columns: 1
0.746161
0.683521
1.05151
1.49663
1.02228
