# name: mu
# type: matrix
# rows: 3
# columns: 2
 1.0802 -0.00577787
 0.769204 -0.946892
 -1.87226 -0.00962649


# name: sigma
# type: matrix
# rows: 3
# columns: 1
0.886079
1.12008
0.904678
