# name: mu
# type: matrix
# rows: 7
# columns: 2
 -4.89146 -0.623134
 -9.20432 5.88845
 -3.63901 -2.56579
 1.74185 -2.79688
 19.4513 -5.92168
 1.53717 -0.630915
 4.59072 -0.808338


# name: sigma
# type: matrix
# rows: 7
# columns: 1
0.828609
0.776066
1.00934
0.857168
1.11596
0.875133
0.93147
