# name: mu
# type: matrix
# rows: 4
# columns: 2
 -4.89146 -0.623134
 -3.94061 -1.9848
 2.05688 -0.783523
 1.74185 -2.79688


# name: sigma
# type: matrix
# rows: 4
# columns: 1
0.828609
1.00857
1.00935
0.857168
