# name: mu
# type: matrix
# rows: 8
# columns: 2
 2.27676 0.0932819
 2.54616 -2.4389
 -0.7439 1.17798
 -3.11086 1.72924
 4.96102 1.14544
 -1.99869 0.201463
 -5.46935 0.0837047
 -4.69221 6.06093


# name: sigma
# type: matrix
# rows: 8
# columns: 1
0.846521
1.14079
0.974044
0.933688
0.883841
1.26702
1.03956
1.16467
