# name: mu
# type: matrix
# rows: 6
# columns: 2
 1.44713 -0.146893
 -0.7439 1.17798
 -3.11086 1.72924
 4.96102 1.14544
 4.06704 3.18914
 2.65474 -2.50575


# name: sigma
# type: matrix
# rows: 6
# columns: 1
0.920263
0.974044
0.933688
0.883841
0.782854
0.82446
