# name: mu
# type: matrix
# rows: 7
# columns: 2
 1.75599 -4.8832
 -2.16083 0.445513
 23.4755 5.8656
 1.35172 -0.440908
 6.63529 1.78477
 9.37294 -4.42378
 27.1435 6.25954


# name: sigma
# type: matrix
# rows: 7
# columns: 1
0.911614
0.929381
1.30601
0.98136
1.08157
0.724145
1.11892
