# name: mu
# type: matrix
# rows: 6
# columns: 2
 1.35172 -0.440908
 -5.77567 -0.694593
 23.4755 5.8656
 9.37294 -4.42378
 -1.61074 0.348635
 1.95189 -5.87517


# name: sigma
# type: matrix
# rows: 6
# columns: 1
0.98136
0.903948
1.30601
0.724145
0.914173
0.968252
