# name: mu
# type: matrix
# rows: 4
# columns: 2
 0.984925 -3.84074 -1.26295
 1.4308 1.83596 -4.35068
 -0.756983 4.22292 3.93098
 -0.591931 -0.346965 -0.34508


# name: sigma
# type: matrix
# rows: 4
# columns: 1
0.228827
0.335481
0.353061
0.347318
