# name: mu
# type: matrix
# rows: 3
# columns: 2
 0.984925 -3.84074 -1.26295
 -0.756983 4.22292 3.93098
 1.4308 1.83596 -4.35068


# name: sigma
# type: matrix
# rows: 3
# columns: 1
0.228827
0.353061
0.335481
