# name: mu
# type: matrix
# rows: 6
# columns: 2
 -12.4811 8.56671
 0.843728 0.794818
 1.5492 -0.275045
 -2.24081 -2.5354
 -3.36549 1.88919
 -5.0818 1.02221


# name: sigma
# type: matrix
# rows: 6
# columns: 1
1.00325
1.12744
0.932406
1.12365
0.770082
0.929485
