# name: mu
# type: matrix
# rows: 5
# columns: 2
 0.843728 0.794818
 -12.4811 8.56671
 1.5492 -0.275045
 -13.1059 -5.32217
 -3.36549 1.88919


# name: sigma
# type: matrix
# rows: 5
# columns: 1
1.12744
1.00325
0.932406
0.955327
0.770082
