# name: mu
# type: matrix
# rows: 4
# columns: 2
 0.621623 -1.04471
 2.25117 0.638162
 -2.15151 0.704613
 7.66423 0.684586


# name: sigma
# type: matrix
# rows: 4
# columns: 1
0.70557
1.18143
1.10786
1.34363
