# name: mu
# type: matrix
# rows: 5
# columns: 2
 -0.472607 -1.90085 -1.87913
 -1.01832 2.11652 0.814566
 0.566454 -1.70928 2.00843
 -0.143627 3.65808 -3.59418
 3.42979 -2.96505 -2.2643


# name: sigma
# type: matrix
# rows: 5
# columns: 1
0.316542
0.307943
0.275982
0.278395
0.247317
