# name: mu
# type: matrix
# rows: 6
# columns: 2
 -3.06639 -0.707197
 -3.54373 0.467493
 -7.11633 -1.32809
 -5.95285 1.49469
 3.20341 -0.0355295
 15.9347 -7.41429


# name: sigma
# type: matrix
# rows: 6
# columns: 1
0.809964
0.999726
0.838415
0.926388
1.1612
0.900879
