# name: mu
# type: matrix
# rows: 4
# columns: 2
 3.20341 -0.0355295
 -3.06639 -0.707197
 6.06225 -1.43184
 -7.11633 -1.32809


# name: sigma
# type: matrix
# rows: 4
# columns: 1
1.1612
0.809964
1.03398
0.838415
