# name: mu
# type: matrix
# rows: 7
# columns: 2
 5.31328 1.26214
 5.14415 -5.57387
 0.0485109 1.0738
 -29.9601 -22.7027
 15.4398 3.30629
 3.41832 -0.945618
 -6.57704 -0.676794


# name: sigma
# type: matrix
# rows: 7
# columns: 1
0.912502
0.931304
0.795583
1.01185
0.93175
1.01932
0.939033
