# name: mu
# type: matrix
# rows: 6
# columns: 2
 -29.9601 -22.7027
 0.0485109 1.0738
 5.31328 1.26214
 -6.57704 -0.676794
 3.41832 -0.945618
 5.14415 -5.57387


# name: sigma
# type: matrix
# rows: 6
# columns: 1
1.01185
0.795583
0.912502
0.939033
1.01932
0.931304
