# name: mu
# type: matrix
# rows: 6
# columns: 2
 4.65815 0.420525
 0.498856 -0.76184
 0.640253 0.0903678
 3.65118 -1.22491
 -2.53201 0.766946
 1.12494 -1.57375


# name: sigma
# type: matrix
# rows: 6
# columns: 1
0.760015
0.895102
1.03469
0.869813
1.03457
0.802151
