# name: mu
# type: matrix
# rows: 6
# columns: 2
 1.12494 -1.57375
 0.498856 -0.76184
 0.640253 0.0903678
 -4.94405 0.333676
 3.65118 -1.22491
 2.53018 0.481635


# name: sigma
# type: matrix
# rows: 6
# columns: 1
0.802151
0.895102
1.03469
0.857666
0.869813
1.0394
