# name: mu
# type: matrix
# rows: 4
# columns: 2
 -1.28601 0.830205
 0.677164 -0.344252
 2.71049 0.75524
 -8.40256 2.3485


# name: sigma
# type: matrix
# rows: 4
# columns: 1
0.785512
0.754628
0.666221
0.857703
