# name: mu
# type: matrix
# rows: 6
# columns: 2
 1.43654 -0.197998
 -2.68903 -0.713756
 -1.5454 0.749105
 -1.08167 0.587242
 2.68249 -0.688043
 -1.95587 0.281926


# name: sigma
# type: matrix
# rows: 6
# columns: 1
0.785761
0.844163
0.719538
0.888826
0.96272
0.887445
