# name: mu
# type: matrix
# rows: 4
# columns: 2
 -1.5454 0.749105
 -2.68903 -0.713756
 -1.95587 0.281926
 2.68249 -0.688043


# name: sigma
# type: matrix
# rows: 4
# columns: 1
0.719538
0.844163
0.887445
0.96272
