# name: mu
# type: matrix
# rows: 5
# columns: 2
 1.45624 -1.29664
 5.35348 -0.080216
 -0.575764 -0.0098894
 -8.95001 -1.72133
 22.4676 9.53174


# name: sigma
# type: matrix
# rows: 5
# columns: 1
1.11369
1.20262
0.776856
0.909913
1.23944
