# name: mu
# type: matrix
# rows: 5
# columns: 2
 5.35348 -0.080216
 9.58654 -2.6281
 -0.575764 -0.0098894
 -0.826868 0.724071
 -8.95001 -1.72133


# name: sigma
# type: matrix
# rows: 5
# columns: 1
1.20262
1.08132
0.776856
0.929939
0.909913
