# name: mu
# type: matrix
# rows: 5
# columns: 2
 0.536257 -0.479245
 0.869082 -2.3758
 -1.45077 0.246505
 -18.3273 -3.91425
 7.49699 1.05341


# name: sigma
# type: matrix
# rows: 5
# columns: 1
0.748261
0.664687
0.784128
1.08576
1.0305
