# name: mu
# type: matrix
# rows: 5
# columns: 2
 -0.161494 -2.83456
 -4.36557 0.954295
 -8.08787 3.79332
 3.81522 0.361522
 -1.79545 1.0692


# name: sigma
# type: matrix
# rows: 5
# columns: 1
0.732811
0.992831
0.796918
0.998766
0.885431
