# name: mu
# type: matrix
# rows: 4
# columns: 2
 -8.08787 3.79332
 3.81522 0.361522
 -4.36557 0.954295
 -0.161494 -2.83456


# name: sigma
# type: matrix
# rows: 4
# columns: 1
0.796918
0.998766
0.992831
0.732811
