# name: mu
# type: matrix
# rows: 5
# columns: 2
 14.9832 4.8433
 1.11811 0.807861
 2.99281 0.387983
 1.86916 0.35348
 -6.6317 0.918911


# name: sigma
# type: matrix
# rows: 5
# columns: 1
0.802957
0.769756
0.822614
0.91502
0.735511
