# name: mu
# type: matrix
# rows: 3
# columns: 2
 2.94656 0.297321
 2.27205 0.421186
 14.9832 4.8433


# name: sigma
# type: matrix
# rows: 3
# columns: 1
0.925378
1.1867
0.802957
