# name: mu
# type: matrix
# rows: 4
# columns: 2
 10.5174 -0.367143
 0.286194 0.589483
 -13.5463 3.98766
 -1.10918 -1.35325


# name: sigma
# type: matrix
# rows: 4
# columns: 1
0.839853
0.838738
1.05497
0.896732
