# name: mu
# type: matrix
# rows: 4
# columns: 2
 0.494913 0.607371
 -13.5463 3.98766
 10.5174 -0.367143
 -1.10918 -1.35325


# name: sigma
# type: matrix
# rows: 4
# columns: 1
1.08634
1.05497
0.839853
0.896732
