# name: mu
# type: matrix
# rows: 7
# columns: 2
 -2.40087 -1.11502
 -2.73046 -1.42638
 -4.85719 2.94303
 9.26793 0.348243
 4.2153 0.672025
 -2.07791 0.370759
 29.7824 3.67419


# name: sigma
# type: matrix
# rows: 7
# columns: 1
0.895608
0.762478
0.94955
0.929856
1.22328
1.22267
1.07312
