# name: mu
# type: matrix
# rows: 5
# columns: 2
 -1.7464 -1.16061
 29.9254 3.93116
 -9.06091 -0.387044
 1.83777 0.143686
 4.01823 0.807494


# name: sigma
# type: matrix
# rows: 5
# columns: 1
0.928887
1.43602
0.783706
0.928179
0.917328
