# name: mu
# type: matrix
# rows: 6
# columns: 2
 1.74902 -1.91998 1.6159
 -0.280771 2.45429 1.37682
 1.30835 -1.87135 1.18145
 4.80058 7.03525 4.62684
 10.9444 -1.26636 -0.310865
 -2.00841 -0.639499 -0.402358


# name: sigma
# type: matrix
# rows: 6
# columns: 1
0.323284
0.293636
0.297354
0.357665
0.339605
0.312138
