# name: mu
# type: matrix
# rows: 5
# columns: 2
 -2.00841 -0.639499 -0.402358
 10.9444 -1.26636 -0.310865
 4.80058 7.03525 4.62684
 1.30835 -1.87135 1.18145
 -0.280771 2.45429 1.37682


# name: sigma
# type: matrix
# rows: 5
# columns: 1
0.312138
0.339605
0.357665
0.297354
0.293636
