# name: mu
# type: matrix
# rows: 4
# columns: 2
 10.7329 -6.878
 -2.42832 -5.88622
 -6.20477 -2.7358
 12.3967 -8.31057


# name: sigma
# type: matrix
# rows: 4
# columns: 1
0.899021
1.05208
0.659059
1.11249
