# name: mu
# type: matrix
# rows: 5
# columns: 2
 -5.15657 -0.561786
 9.20152 -2.1972
 -2.73982 -0.634567
 -15.8268 0.559176
 2.0947 14.2466


# name: sigma
# type: matrix
# rows: 5
# columns: 1
0.729164
0.775458
0.851507
0.909743
0.970979
