# name: mu
# type: matrix
# rows: 4
# columns: 2
 -15.8268 0.559176
 -2.73982 -0.634567
 9.20152 -2.1972
 -5.15657 -0.561786


# name: sigma
# type: matrix
# rows: 4
# columns: 1
0.909743
0.851507
0.775458
0.729164
