# name: mu
# type: matrix
# rows: 2
# columns: 2
 -7.42471 1.09266
 -1.8819 -0.234197


# name: sigma
# type: matrix
# rows: 2
# columns: 1
0.905
0.880009
