# name: mu
# type: matrix
# rows: 4
# columns: 2
 13.6425 1.04193
 11.4481 -8.1177
 -5.92246 -2.56834
 -0.624616 -1.11217


# name: sigma
# type: matrix
# rows: 4
# columns: 1
1.19769
0.971667
0.806318
1.10141
