# name: mu
# type: matrix
# rows: 3
# columns: 2
 11.4481 -8.1177
 13.6425 1.04193
 -5.92246 -2.56834


# name: sigma
# type: matrix
# rows: 3
# columns: 1
0.971667
1.19769
0.806318
