# name: mu
# type: matrix
# rows: 6
# columns: 2
 -0.557895 -2.60907 3.67089
 2.59868 0.439312 -0.309124
 -1.56989 -0.0501706 0.46669
 -1.60347 4.02261 0.375463
 -1.01428 1.55292 -2.30258
 -1.7585 4.33686 0.663366


# name: sigma
# type: matrix
# rows: 6
# columns: 1
0.239642
0.249286
0.266866
0.262442
0.28885
0.32616
