# name: mu
# type: matrix
# rows: 4
# columns: 2
 2.59868 0.439312 -0.309124
 -0.557895 -2.60907 3.67089
 -1.01428 1.55292 -2.30258
 -1.13761 5.03698 0.537906


# name: sigma
# type: matrix
# rows: 4
# columns: 1
0.249286
0.239642
0.28885
0.318894
