# name: mu
# type: matrix
# rows: 5
# columns: 2
 -9.80716 -0.958815
 -0.525681 -0.893674
 3.1244 0.207178
 5.27782 3.84431
 -5.64051 25.5563


# name: sigma
# type: matrix
# rows: 5
# columns: 1
0.823485
0.81412
1.31424
0.882796
0.99742
