# name: mu
# type: matrix
# rows: 4
# columns: 2
 5.27782 3.84431
 -5.64051 25.5563
 -0.525681 -0.893674
 3.1244 0.207178


# name: sigma
# type: matrix
# rows: 4
# columns: 1
0.882796
0.99742
0.81412
1.31424
