# name: mu
# type: matrix
# rows: 4
# columns: 2
 3.24574 -0.789979
 2.58651 -6.65323
 36.895 8.07053
 0.848268 1.92115


# name: sigma
# type: matrix
# rows: 4
# columns: 1
0.750929
0.811152
1.35412
0.837527
