# name: mu
# type: matrix
# rows: 4
# columns: 2
 36.895 8.07053
 3.24574 -0.789979
 -11.896 -5.91405
 2.58651 -6.65323


# name: sigma
# type: matrix
# rows: 4
# columns: 1
1.35412
0.750929
0.899627
0.811152
