# name: mu
# type: matrix
# rows: 1
# columns: 2
 -0.043565 -0.470132 0.766269


# name: sigma
# type: matrix
# rows: 1
# columns: 1
0.298007
