# name: mu
# type: matrix
# rows: 2
# columns: 2
 3.27426 0.215893
 -4.58578 -2.27436


# name: sigma
# type: matrix
# rows: 2
# columns: 1
0.802355
0.868594
