# name: mu
# type: matrix
# rows: 4
# columns: 2
 0.495078 -1.1874 0.559742
 0.143276 5.56551 4.44751
 -3.58249 3.67071 0.15403
 1.17226 -1.10484 -2.29777


# name: sigma
# type: matrix
# rows: 4
# columns: 1
0.276262
0.361925
0.354494
0.282218
