# name: mu
# type: matrix
# rows: 3
# columns: 2
 0.143276 5.56551 4.44751
 -3.58249 3.67071 0.15403
 0.495078 -1.1874 0.559742


# name: sigma
# type: matrix
# rows: 3
# columns: 1
0.361925
0.354494
0.276262
