# name: mu
# type: matrix
# rows: 6
# columns: 2
 12.9973 2.10201
 -2.38031 0.448459
 1.6105 -0.711951
 2.67429 2.54056
 -0.621206 -0.357192
 -3.09604 2.44289


# name: sigma
# type: matrix
# rows: 6
# columns: 1
0.974134
1.2983
0.893635
0.99682
0.753436
0.869922
