# name: mu
# type: matrix
# rows: 5
# columns: 2
 3.30949 0.0430841
 3.25379 -6.64097
 10.7391 1.52556
 -9.34058 0.606412
 -10.1925 -2.67912


# name: sigma
# type: matrix
# rows: 5
# columns: 1
0.912168
0.733379
1.22003
0.8173
1.25022
