# name: mu
# type: matrix
# rows: 6
# columns: 2
 -1.83017 -0.949446 -1.2509
 -3.25208 -0.56445 -2.04782
 -0.134175 1.48661 0.282856
 -1.63643 -1.08369 3.0115
 2.22134 -2.40204 -0.394597
 -2.34892 -1.33223 -0.00231197


# name: sigma
# type: matrix
# rows: 6
# columns: 1
0.357837
0.398118
0.33025
0.323356
0.315217
0.365883
