# name: mu
# type: matrix
# rows: 3
# columns: 2
 -0.747501 0.497363 -0.768706
 2.22134 -2.40204 -0.394597
 -1.63643 -1.08369 3.0115


# name: sigma
# type: matrix
# rows: 3
# columns: 1
0.292746
0.315217
0.323356
