# name: mu
# type: matrix
# rows: 6
# columns: 2
 0.134117 -0.802596
 3.46739 -0.296128
 7.2934 -2.59776
 8.365 -12.8973
 2.96652 0.970078
 -1.30952 0.214902


# name: sigma
# type: matrix
# rows: 6
# columns: 1
1.08414
1.16768
0.774344
1.0648
0.983628
0.882904
