# name: mu
# type: matrix
# rows: 6
# columns: 2
 3.46739 -0.296128
 8.365 -12.8973
 7.2934 -2.59776
 3.21984 -1.75965
 1.25962 0.987088
 0.134117 -0.802596


# name: sigma
# type: matrix
# rows: 6
# columns: 1
1.16768
1.0648
0.774344
1.0555
0.927499
1.08414
