# name: mu
# type: matrix
# rows: 4
# columns: 2
 -1.01555 0.113988 0.312064
 -3.5652 1.76509 -3.18397
 -1.41403 0.658589 -7.31741
 1.02199 0.930921 -2.46074


# name: sigma
# type: matrix
# rows: 4
# columns: 1
0.277205
0.329902
0.277766
0.507818
