# name: mu
# type: matrix
# rows: 5
# columns: 2
 -0.436867 -4.94565
 0.0100171 -0.884747
 4.3172 -0.266264
 3.68954 1.02195
 9.57259 12.8537


# name: sigma
# type: matrix
# rows: 5
# columns: 1
0.941083
0.910701
1.1786
0.825946
0.982477
