# name: mu
# type: matrix
# rows: 5
# columns: 2
 5.70798 -8.30564
 0.779379 -2.24252
 0.219024 -0.322075
 -12.8938 6.19919
 2.43068 0.475355


# name: sigma
# type: matrix
# rows: 5
# columns: 1
0.770427
0.7807
1.02423
1.2907
0.69244
