# name: mu
# type: matrix
# rows: 4
# columns: 2
 -12.8938 6.19919
 2.43068 0.475355
 0.779379 -2.24252
 0.219024 -0.322075


# name: sigma
# type: matrix
# rows: 4
# columns: 1
1.2907
0.69244
0.7807
1.02423
