# name: mu
# type: matrix
# rows: 9
# columns: 2
 -6.09886 -0.171268
 -1.26664 2.87612
 -1.05711 -4.99942
 9.4729 18.8987
 -8.03522 -9.3369
 0.823652 1.06413
 4.40923 0.918947
 -2.78388 0.491615
 2.19889 22.7926


# name: sigma
# type: matrix
# rows: 9
# columns: 1
1.06675
0.894864
0.7179
0.95644
1.05524
1.01179
1.60223
0.77913
1.29161
