# name: mu
# type: matrix
# rows: 7
# columns: 2
 -0.232056 7.52398
 -5.33881 -0.0265564
 4.40923 0.918947
 0.823652 1.06413
 -0.64608 17.4499
 9.77804 18.6647
 -11.5021 -11.3774


# name: sigma
# type: matrix
# rows: 7
# columns: 1
1.08752
1.02989
1.60223
1.01179
0.628668
1.01947
1.16265
