# name: mu
# type: matrix
# rows: 4
# columns: 2
 -5.13866 -0.79234 3.97891
 -7.42339 2.50014 0.0803879
 0.491811 0.575793 0.781203
 0.393436 -3.68907 0.596244


# name: sigma
# type: matrix
# rows: 4
# columns: 1
0.367021
0.391195
0.311578
0.285916
