# name: mu
# type: matrix
# rows: 3
# columns: 2
 -1.01753 2.09946 0.419998
 -1.30712 -2.4564 -1.53938
 0.301972 1.03186 3.76292


# name: sigma
# type: matrix
# rows: 3
# columns: 1
0.23615
0.326937
0.311179
