# name: mu
# type: matrix
# rows: 5
# columns: 2
 -0.793694 -0.247032
 3.3915 0.739132
 2.62094 -1.24433
 1.59126 0.0530999
 -1.00065 0.39355


# name: sigma
# type: matrix
# rows: 5
# columns: 1
0.892967
0.984515
1.14628
1.07733
0.814217
