# name: mu
# type: matrix
# rows: 5
# columns: 2
 -1.00065 0.39355
 1.1224 0.266479
 -0.746435 -0.139943
 2.62094 -1.24433
 3.3915 0.739132


# name: sigma
# type: matrix
# rows: 5
# columns: 1
0.814217
0.954724
0.744753
1.14628
0.984515
