# name: mu
# type: matrix
# rows: 6
# columns: 2
 -7.81782 -3.64242
 4.5238 -1.51798
 0.311704 -0.0822541
 18.1767 1.7492
 2.06937 -0.5537
 6.25077 3.9085


# name: sigma
# type: matrix
# rows: 6
# columns: 1
0.91675
0.873371
0.835499
1.04674
0.830989
0.873863
