# name: mu
# type: matrix
# rows: 5
# columns: 2
 -5.53572 -1.51938
 4.13301 -0.0430375
 1.17487 -0.95034
 -11.465 -1.33258
 1.6878 -0.174341


# name: sigma
# type: matrix
# rows: 5
# columns: 1
1.09175
0.984371
0.999717
1.08908
0.837107
