# name: mu
# type: matrix
# rows: 5
# columns: 2
 1.17487 -0.95034
 0.93868 -0.157418
 -11.1589 2.91871
 16.7067 4.56221
 4.13301 -0.0430375


# name: sigma
# type: matrix
# rows: 5
# columns: 1
0.999717
0.897727
0.871939
0.961869
0.984371
