# name: mu
# type: matrix
# rows: 3
# columns: 2
 -2.52393 0.435269 -2.00275
 1.77719 -0.493423 4.82717
 -0.0680231 -1.10465 0.77757


# name: sigma
# type: matrix
# rows: 3
# columns: 1
0.266814
0.381709
0.304031
