# name: mu
# type: matrix
# rows: 2
# columns: 2
 1.77719 -0.493423 4.82717
 -0.0680231 -1.10465 0.77757


# name: sigma
# type: matrix
# rows: 2
# columns: 1
0.381709
0.304031
