# name: mu
# type: matrix
# rows: 5
# columns: 2
 3.27568 -0.612368
 -3.46898 -1.66075
 -13.476 -2.51292
 1.25639 0.361646
 1.04501 -12.4345


# name: sigma
# type: matrix
# rows: 5
# columns: 1
0.871151
0.941228
1.08114
0.827641
0.889837
