# name: mu
# type: matrix
# rows: 4
# columns: 2
 1.25639 0.361646
 1.04501 -12.4345
 -3.46898 -1.66075
 3.27568 -0.612368


# name: sigma
# type: matrix
# rows: 4
# columns: 1
0.827641
0.889837
0.941228
0.871151
