# name: mu
# type: matrix
# rows: 6
# columns: 2
 -3.58833 -0.8406
 -0.772047 0.0427002
 3.88011 1.07572
 -6.63981 -0.177841
 -4.73943 3.83174
 1.15011 1.72505


# name: sigma
# type: matrix
# rows: 6
# columns: 1
0.929187
0.91374
1.08429
1.03082
1.00977
1.01444
