# name: mu
# type: matrix
# rows: 5
# columns: 2
 -5.85635 4.46209
 3.88011 1.07572
 -2.61619 -0.84597
 -18.2732 -3.67626
 -1.01472 0.182033


# name: sigma
# type: matrix
# rows: 5
# columns: 1
0.780924
1.08429
1.12442
0.978413
1.1769
