# name: mu
# type: matrix
# rows: 4
# columns: 2
 2.75946 -0.822684
 -0.496694 0.173693
 6.02872 -0.789848
 -9.49124 2.88166


# name: sigma
# type: matrix
# rows: 4
# columns: 1
1.32582
1.19669
0.771101
1.01804
