# name: mu
# type: matrix
# rows: 4
# columns: 2
 -0.496694 0.173693
 6.02872 -0.789848
 2.75946 -0.822684
 6.01546 0.0684054


# name: sigma
# type: matrix
# rows: 4
# columns: 1
1.19669
0.771101
1.32582
0.781085
