# name: mu
# type: matrix
# rows: 4
# columns: 2
 -0.854205 1.09545
 -10.6849 -5.17654
 -1.3067 -0.0625771
 -3.85381 -2.11845


# name: sigma
# type: matrix
# rows: 4
# columns: 1
0.871957
0.956416
0.736987
0.84084
