# name: mu
# type: matrix
# rows: 4
# columns: 2
 -10.6849 -5.17654
 -1.3067 -0.0625771
 -3.85381 -2.11845
 -8.12884 3.25774


# name: sigma
# type: matrix
# rows: 4
# columns: 1
0.956416
0.736987
0.84084
1.10292
