# name: mu
# type: matrix
# rows: 6
# columns: 2
 1.61738 -0.354156
 0.0258896 0.611939
 -0.701199 -3.07418
 -4.94058 5.36034
 -3.46628 -8.62291
 -3.1259 1.82586


# name: sigma
# type: matrix
# rows: 6
# columns: 1
0.792388
0.930663
1.20727
0.712656
1.08871
0.798256
