# name: mu
# type: matrix
# rows: 5
# columns: 2
 -0.701199 -3.07418
 1.61738 -0.354156
 -3.1259 1.82586
 -3.46628 -8.62291
 0.0258896 0.611939


# name: sigma
# type: matrix
# rows: 5
# columns: 1
1.20727
0.792388
0.798256
1.08871
0.930663
