# name: mu
# type: matrix
# rows: 4
# columns: 2
 0.783619 0.635991
 -5.05975 -1.60958
 0.273682 -0.353095
 4.05781 0.556482


# name: sigma
# type: matrix
# rows: 4
# columns: 1
0.956407
2.09674
0.897715
0.735776
