# name: mu
# type: matrix
# rows: 8
# columns: 2
 -1.18307 -0.0617957
 2.3269 0.335008
 -1.64488 3.03761
 -7.75331 -3.74729
 -0.141298 -3.45235
 -6.8716 0.282871
 8.33055 -15.9394
 7.44079 -0.243896


# name: sigma
# type: matrix
# rows: 8
# columns: 1
0.801695
1.37823
1.09649
1.36476
0.877906
0.913183
1.16375
0.813482
