# name: mu
# type: matrix
# rows: 7
# columns: 2
 -7.75331 -3.74729
 -0.141298 -3.45235
 -1.414 1.42006
 -6.8716 0.282871
 2.3269 0.335008
 -1.18307 -0.0617957
 -1.64488 3.03761


# name: sigma
# type: matrix
# rows: 7
# columns: 1
1.36476
0.877906
0.934427
0.913183
1.37823
0.801695
1.09649
