# name: mu
# type: matrix
# rows: 6
# columns: 2
 -7.46569 1.09808
 1.29177 -5.5766
 28.4745 6.76909
 0.906856 0.643754
 10.4218 -4.91574
 1.31192 -0.520188


# name: sigma
# type: matrix
# rows: 6
# columns: 1
1.04145
0.93721
1.17034
0.911104
0.916862
0.821284
