# name: mu
# type: matrix
# rows: 5
# columns: 2
 1.38379 -5.40078
 10.4218 -4.91574
 1.31192 -0.520188
 -3.6897 0.310997
 28.4745 6.76909


# name: sigma
# type: matrix
# rows: 5
# columns: 1
0.851954
0.916862
0.821284
0.972344
1.17034
