# name: mu
# type: matrix
# rows: 4
# columns: 2
 -1.09003 -0.0724114 -2.42609
 1.57253 2.72469 -0.15967
 0.652221 -1.01982 1.08302
 -0.978803 -2.74856 -0.873347


# name: sigma
# type: matrix
# rows: 4
# columns: 1
0.379184
0.425561
0.326276
0.264554
