# name: mu
# type: matrix
# rows: 3
# columns: 2
 -0.168491 1.9356 -2.50569
 1.57253 2.72469 -0.15967
 0.661012 -1.30352 0.620331


# name: sigma
# type: matrix
# rows: 3
# columns: 1
0.330832
0.425561
0.261026
