# name: mu
# type: matrix
# rows: 4
# columns: 2
 1.0597 -2.11262
 0.901661 -0.36246
 2.0457 0.510507
 -13.5564 6.74555


# name: sigma
# type: matrix
# rows: 4
# columns: 1
1.01824
0.976748
1.01647
0.816873
