# name: mu
# type: matrix
# rows: 5
# columns: 2
 2.0457 0.510507
 -3.30225 0.343592
 0.901661 -0.36246
 1.0597 -2.11262
 -8.535 1.81683


# name: sigma
# type: matrix
# rows: 5
# columns: 1
1.01647
1.01597
0.976748
1.01824
1.13173
