# name: mu
# type: matrix
# rows: 6
# columns: 2
 -8.54147 9.7979
 -5.34076 0.385769
 0.453078 0.495727
 0.990372 -6.64368
 4.39432 0.639678
 5.59851 -0.563174


# name: sigma
# type: matrix
# rows: 6
# columns: 1
0.794563
1.0552
1.09352
0.802082
1.18309
1.07622
