# name: mu
# type: matrix
# rows: 4
# columns: 2
 -3.80812 3.0787
 5.18955 -0.570857
 -5.34076 0.385769
 0.303264 0.33892


# name: sigma
# type: matrix
# rows: 4
# columns: 1
1.04955
0.926068
1.0552
1.45312
