# name: mu
# type: matrix
# rows: 7
# columns: 2
 2.22129 -1.52431
 3.16614 -6.49079
 -9.78186 0.719794
 7.20512 -1.36817
 -13.9946 -4.21709
 8.78653 0.454113
 -18.7472 2.94298


# name: sigma
# type: matrix
# rows: 7
# columns: 1
1.034
0.724925
1.1893
0.946954
0.84052
1.14932
0.96573
