# name: mu
# type: matrix
# rows: 6
# columns: 2
 -18.7472 2.94298
 8.78653 0.454113
 3.16614 -6.49079
 7.20512 -1.36817
 2.22129 -1.52431
 -9.78186 0.719794


# name: sigma
# type: matrix
# rows: 6
# columns: 1
0.96573
1.14932
0.724925
0.946954
1.034
1.1893
