# name: mu
# type: matrix
# rows: 6
# columns: 2
 0.326606 0.134743
 5.83122 -0.887305
 -4.67418 3.71693
 0.402119 0.591989
 1.34425 1.79285
 -9.4282 -4.76401


# name: sigma
# type: matrix
# rows: 6
# columns: 1
0.989911
0.917958
0.864544
0.875228
0.756808
0.759289
