# name: mu
# type: matrix
# rows: 4
# columns: 2
 -4.67266 3.48645
 -0.0830634 0.139888
 5.83122 -0.887305
 0.402119 0.591989


# name: sigma
# type: matrix
# rows: 4
# columns: 1
0.826012
1.06406
0.917958
0.875228
