# name: mu
# type: matrix
# rows: 8
# columns: 2
 -9.17904 -12.4705
 4.80807 -1.9534
 -5.33696 -1.88054
 1.28409 -2.22628
 -5.9949 6.07055
 2.22514 -5.8298
 -1.53963 0.255538
 -0.980206 8.33306


# name: sigma
# type: matrix
# rows: 8
# columns: 1
0.878467
1.18486
0.772062
0.93326
1.34764
0.939609
0.886602
1.23633
