# name: mu
# type: matrix
# rows: 5
# columns: 2
 -5.9949 6.07055
 -5.33696 -1.88054
 3.08953 -7.95359
 -1.35702 -1.87223
 1.44266 -2.70498


# name: sigma
# type: matrix
# rows: 5
# columns: 1
1.34764
0.772062
0.789109
0.776878
1.32313
