# name: mu
# type: matrix
# rows: 7
# columns: 2
 -1.08573 1.63786
 5.20971 -0.637901
 2.20692 0.947698
 3.28916 -0.733064
 -3.7368 0.512076
 17.4168 8.71655
 -9.58236 0.676594


# name: sigma
# type: matrix
# rows: 7
# columns: 1
0.859863
1.27775
0.921403
0.886051
0.967103
0.936092
0.972086
