# name: mu
# type: matrix
# rows: 5
# columns: 2
 3.28916 -0.733064
 -1.08573 1.63786
 3.89632 1.11972
 8.3133 1.53865
 -21.1643 -26.8969


# name: sigma
# type: matrix
# rows: 5
# columns: 1
0.886051
0.859863
1.01105
1.0217
1.11725
