# name: mu
# type: matrix
# rows: 5
# columns: 2
 0.190728 -1.0549
 -8.77524 -2.81145
 3.19383 0.174686
 -3.03219 -0.324141
 -19.1303 -6.50646


# name: sigma
# type: matrix
# rows: 5
# columns: 1
0.773047
0.976649
1.00766
0.795654
1.01813
