# name: mu
# type: matrix
# rows: 4
# columns: 2
 -4.87825 4.20157
 -1.35886 0.837678
 -3.61071 10.4521
 3.84112 0.223473


# name: sigma
# type: matrix
# rows: 4
# columns: 1
1.13386
1.54731
0.749927
0.900702
