# name: mu
# type: matrix
# rows: 4
# columns: 2
 -3.61071 10.4521
 3.84112 0.223473
 -1.35886 0.837678
 -4.87825 4.20157


# name: sigma
# type: matrix
# rows: 4
# columns: 1
0.749927
0.900702
1.54731
1.13386
