# name: mu
# type: matrix
# rows: 1
# columns: 2
 -0.593802 -0.875243 0.0215998


# name: sigma
# type: matrix
# rows: 1
# columns: 1
0.382779
