# name: mu
# type: matrix
# rows: 11
# columns: 2
 -3.84286 -0.370821
 -9.07434 1.36288
 -6.74192 11.2133
 -3.95541 -3.6069
 -11.2271 -9.43076
 2.65708 -0.147464
 -1.04233 -0.54354
 -3.04052 2.17673
 -6.08993 -6.49166
 -6.75492 -15.92
 4.92751 0.0426885


# name: sigma
# type: matrix
# rows: 11
# columns: 1
0.928141
0.952247
0.937086
1.11004
0.969026
0.908678
1.18581
0.983669
0.85412
1.31815
0.980168
