# name: mu
# type: matrix
# rows: 7
# columns: 2
 5.20382 -0.956205
 -7.72372 0.0694524
 -14.7443 -7.55479
 -6.09357 1.92196
 2.65708 -0.147464
 -11.372 -1.82813
 -1.97009 1.09222


# name: sigma
# type: matrix
# rows: 7
# columns: 1
1.25433
1.20681
1.19312
0.983342
0.908678
1.07943
1.14197
