# name: mu
# type: matrix
# rows: 6
# columns: 2
 4.26638 0.962392
 2.37186 -1.49803
 -0.857061 0.276484
 3.6232 0.107993
 -0.572624 2.74625
 -9.25154 6.01123


# name: sigma
# type: matrix
# rows: 6
# columns: 1
0.819827
0.896139
0.971571
1.03559
0.777529
0.976295
