# name: mu
# type: matrix
# rows: 6
# columns: 2
 -0.572624 2.74625
 5.53548 0.291239
 -0.220531 0.252498
 2.37186 -1.49803
 -16.3185 0.423624
 1.8125 -0.00469769


# name: sigma
# type: matrix
# rows: 6
# columns: 1
0.777529
0.935099
0.985183
0.896139
1.04441
0.963507
