# name: mu
# type: matrix
# rows: 5
# columns: 2
 -0.916108 2.78146
 -2.64782 -0.121024
 9.07762 1.2775
 -0.478258 -0.937982
 -6.28166 -0.181522


# name: sigma
# type: matrix
# rows: 5
# columns: 1
0.805563
1.11586
0.876155
0.835284
0.826972
