# name: mu
# type: matrix
# rows: 4
# columns: 2
 -0.916108 2.78146
 -2.64782 -0.121024
 -0.478258 -0.937982
 9.07762 1.2775


# name: sigma
# type: matrix
# rows: 4
# columns: 1
0.805563
1.11586
0.835284
0.876155
