# name: mu
# type: matrix
# rows: 7
# columns: 2
 0.48472 -3.47251
 -2.41064 -0.311697
 0.74839 0.146355
 7.0408 0.316537
 0.0630497 -1.06374
 -6.25873 -0.509729
 -9.21272 -0.449734


# name: sigma
# type: matrix
# rows: 7
# columns: 1
0.909156
1.06667
0.980308
1.07702
0.948222
0.923912
1.09563
