# name: mu
# type: matrix
# rows: 7
# columns: 2
 7.0408 0.316537
 1.06813 0.0370589
 -2.41064 -0.311697
 -2.41446 2.14476
 0.48472 -3.47251
 0.0630497 -1.06374
 -6.25873 -0.509729


# name: sigma
# type: matrix
# rows: 7
# columns: 1
1.07702
0.874865
1.06667
1.12366
0.909156
0.948222
0.923912
