# name: mu
# type: matrix
# rows: 3
# columns: 2
 -0.321791 -0.227008
 3.26171 0.577802
 0.207193 -0.778284


# name: sigma
# type: matrix
# rows: 3
# columns: 1
0.790288
0.782949
0.829427
