# name: mu
# type: matrix
# rows: 8
# columns: 2
 -7.21093 0.904455
 -12.6928 -1.1872
 14.2305 1.17934
 -0.821283 -1.43973
 -0.988617 0.0124786
 -6.239 0.616686
 -11.8244 -3.1258
 -12.3659 0.575235


# name: sigma
# type: matrix
# rows: 8
# columns: 1
0.928984
0.852482
0.914292
0.974601
0.894705
0.845511
1.01794
0.862138
