# name: mu
# type: matrix
# rows: 8
# columns: 2
 -0.821283 -1.43973
 14.2305 1.17934
 -0.988617 0.0124786
 5.6493 -3.16783
 -12.6928 -1.1872
 -6.239 0.616686
 -12.3659 0.575235
 -11.8244 -3.1258


# name: sigma
# type: matrix
# rows: 8
# columns: 1
0.974601
0.914292
0.894705
0.917173
0.852482
0.845511
0.862138
1.01794
