# name: mu
# type: matrix
# rows: 9
# columns: 2
 -0.482007 6.85122
 3.90766 -3.535
 3.83119 -5.52166
 7.38546 2.65167
 9.08288 -4.79332
 -1.43882 15.1754
 -6.92964 -1.55853
 1.44998 0.294736
 -4.87409 -1.59781


# name: sigma
# type: matrix
# rows: 9
# columns: 1
0.69341
0.944353
0.872858
0.923375
1.18018
0.83475
0.859069
0.831764
0.881035
