# name: mu
# type: matrix
# rows: 9
# columns: 2
 1.44998 0.294736
 -3.65637 -5.92233
 4.84851 -0.313661
 6.11178 -5.59184
 8.38367 16.9418
 10.0873 -2.9215
 -1.56261 1.17378
 -6.7095 -2.3122
 6.46234 -10.8185


# name: sigma
# type: matrix
# rows: 9
# columns: 1
0.831764
0.896669
1.03354
0.980892
0.951641
0.894935
0.965468
1.01599
1.02949
