# name: mu
# type: matrix
# rows: 4
# columns: 2
 -0.103949 0.851511
 -4.11023 -1.40001
 1.066 -0.115605
 -5.54063 -7.32679


# name: sigma
# type: matrix
# rows: 4
# columns: 1
1.19779
1.24804
0.803037
0.759381
