# name: mu
# type: matrix
# rows: 3
# columns: 2
 -0.750455 -1.20296 -1.05276
 1.91255 0.138384 -0.891931
 -0.858629 1.20346 1.81509


# name: sigma
# type: matrix
# rows: 3
# columns: 1
0.276713
0.267761
0.292572
