# name: mu
# type: matrix
# rows: 4
# columns: 2
 1.14246 3.20242 2.57387
 -0.371 0.607077 -1.47631
 -0.0335602 3.25392 1.71482
 -0.41023 0.271163 1.76289


# name: sigma
# type: matrix
# rows: 4
# columns: 1
0.375858
0.333159
0.281824
0.297784
