# name: mu
# type: matrix
# rows: 3
# columns: 2
 -0.0335602 3.25392 1.71482
 -1.65255 3.82287 -2.75824
 -0.41023 0.271163 1.76289


# name: sigma
# type: matrix
# rows: 3
# columns: 1
0.281824
0.256033
0.297784
