# name: mu
# type: matrix
# rows: 7
# columns: 2
 -1.5857 -2.3338
 4.19061 -1.12409
 0.792134 0.476893
 8.09603 1.96897
 3.48954 2.92645
 -3.68065 0.312675
 7.31357 -0.345872


# name: sigma
# type: matrix
# rows: 7
# columns: 1
0.86071
0.84141
0.920503
1.28119
1.03261
1.25969
0.810353
