# name: mu
# type: matrix
# rows: 5
# columns: 2
 0.792134 0.476893
 -1.5857 -2.3338
 7.31357 -0.345872
 -3.68065 0.312675
 4.19061 -1.12409


# name: sigma
# type: matrix
# rows: 5
# columns: 1
0.920503
0.86071
0.810353
1.25969
0.84141
