# name: mu
# type: matrix
# rows: 5
# columns: 2
 3.00724 4.773
 3.77841 0.284118
 -0.986727 0.040312
 -1.64801 -3.574
 -2.66777 3.02754


# name: sigma
# type: matrix
# rows: 5
# columns: 1
0.803506
0.87583
0.964314
0.797583
1.17897
