# name: mu
# type: matrix
# rows: 4
# columns: 2
 3.00724 4.773
 -2.12824 -3.21072
 -1.49618 0.807129
 3.77841 0.284118


# name: sigma
# type: matrix
# rows: 4
# columns: 1
0.803506
0.922859
0.77135
0.87583
