# name: mu
# type: matrix
# rows: 5
# columns: 2
 -4.71239 -1.74583
 -1.61965 -2.06964
 3.51487 -1.01227
 -0.274238 0.789022
 6.9157 -0.289986


# name: sigma
# type: matrix
# rows: 5
# columns: 1
0.809203
0.933676
0.778445
0.871666
0.822124
