# name: mu
# type: matrix
# rows: 8
# columns: 2
 16.2596 -10.8006
 1.94172 -0.0339592
 4.3394 0.971768
 1.80418 -2.33051
 -3.2369 1.71701
 -0.115711 -0.071375
 -2.64913 0.714171
 -8.81132 7.9522


# name: sigma
# type: matrix
# rows: 8
# columns: 1
1.12358
0.982647
0.837813
0.873673
0.910454
0.867262
0.99596
1.18953
