# name: mu
# type: matrix
# rows: 6
# columns: 2
 -2.66434 0.420603
 -3.2369 1.71701
 1.94172 -0.0339592
 -0.314363 -1.85091
 4.3394 0.971768
 0.961257 4.7892


# name: sigma
# type: matrix
# rows: 6
# columns: 1
0.883873
0.910454
0.982647
1.18652
0.837813
0.944612
