# name: mu
# type: matrix
# rows: 7
# columns: 2
 -0.126645 0.802946
 -2.697 4.6414
 -1.69473 -1.22852
 -4.74921 3.18974
 2.2967 -0.292843
 4.17232 -1.6533
 4.59664 1.5531


# name: sigma
# type: matrix
# rows: 7
# columns: 1
0.875075
0.845173
1.0214
0.770383
0.827726
0.747662
1.08124
