# name: mu
# type: matrix
# rows: 5
# columns: 2
 4.17232 -1.6533
 4.59664 1.5531
 -0.126645 0.802946
 -4.74921 3.18974
 -1.69473 -1.22852


# name: sigma
# type: matrix
# rows: 5
# columns: 1
0.747662
1.08124
0.875075
0.770383
1.0214
