# name: mu
# type: matrix
# rows: 2
# columns: 2
 1.25971 2.17209 1.31892
 -1.34638 1.18351 -2.2038


# name: sigma
# type: matrix
# rows: 2
# columns: 1
0.265588
0.283163
