# name: mu
# type: matrix
# rows: 9
# columns: 2
 1.1181 -0.475766
 -6.0125 1.93653
 -2.79626 5.46515
 -2.89249 -0.826422
 -6.09499 -0.835179
 -12.9823 -2.42478
 5.8547 0.164279
 -6.96794 0.111399
 -2.14997 0.241323


# name: sigma
# type: matrix
# rows: 9
# columns: 1
1.14729
0.785173
1.10262
0.880891
0.71067
0.983354
1.08628
0.991777
1.06672
