# name: mu
# type: matrix
# rows: 7
# columns: 2
 1.1181 -0.475766
 -6.09499 -0.835179
 5.8547 0.164279
 3.13444 2.69723
 -2.89249 -0.826422
 -2.14997 0.241323
 -6.0125 1.93653


# name: sigma
# type: matrix
# rows: 7
# columns: 1
1.14729
0.71067
1.08628
0.856189
0.880891
1.06672
0.785173
