# name: mu
# type: matrix
# rows: 4
# columns: 2
 3.75377 -2.58642
 4.1824 -0.671279
 -4.61388 -5.88356
 -1.50681 -0.171764


# name: sigma
# type: matrix
# rows: 4
# columns: 1
0.740409
0.903289
0.962975
1.07419
