# name: mu
# type: matrix
# rows: 5
# columns: 2
 -0.43702 0.138275
 5.54895 -0.345545
 -3.37565 -0.175996
 -7.88096 0.48952
 -4.01578 5.99979


# name: sigma
# type: matrix
# rows: 5
# columns: 1
0.850894
0.908126
1.03974
1.13037
0.954774
