# name: mu
# type: matrix
# rows: 5
# columns: 2
 1.94205 0.944465
 5.69288 0.443776
 2.45869 -1.86724
 4.52394 -0.273098
 2.14057 -1.13201


# name: sigma
# type: matrix
# rows: 5
# columns: 1
0.821549
0.748957
0.794203
1.09436
0.758441
