# name: mu
# type: matrix
# rows: 5
# columns: 2
 2.14057 -1.13201
 4.52394 -0.273098
 2.45869 -1.86724
 7.80574 0.442843
 5.69288 0.443776


# name: sigma
# type: matrix
# rows: 5
# columns: 1
0.758441
1.09436
0.794203
0.859843
0.748957
