# name: mu
# type: matrix
# rows: 4
# columns: 2
 -10.4884 4.21311
 4.45566 4.86284
 -1.85642 0.79902
 4.83129 -2.28655


# name: sigma
# type: matrix
# rows: 4
# columns: 1
0.825915
0.724342
1.16604
0.917586
