# name: mu
# type: matrix
# rows: 4
# columns: 2
 -1.85642 0.79902
 4.45566 4.86284
 -0.857945 -0.223019
 2.04294 -2.05636


# name: sigma
# type: matrix
# rows: 4
# columns: 1
1.16604
0.724342
1.01924
1.07218
