# name: mu
# type: matrix
# rows: 5
# columns: 2
 -7.50928 -0.61086
 -1.9448 0.811948
 -16.7134 7.7663
 -5.46736 -1.21921
 1.10109 0.798879


# name: sigma
# type: matrix
# rows: 5
# columns: 1
0.94536
0.742036
0.90372
0.737603
1.09073
