# name: mu
# type: matrix
# rows: 4
# columns: 2
 -7.50928 -0.61086
 -5.46736 -1.21921
 1.10109 0.798879
 4.00126 1.55222


# name: sigma
# type: matrix
# rows: 4
# columns: 1
0.94536
0.737603
1.09073
0.906559
