# name: mu
# type: matrix
# rows: 5
# columns: 2
 -12.8392 3.52399
 3.94718 -0.292156
 -1.69327 -1.06502
 11.2005 -0.230695
 0.404323 0.606597


# name: sigma
# type: matrix
# rows: 5
# columns: 1
0.794919
1.05866
0.844346
0.69482
1.01592
