# name: mu
# type: matrix
# rows: 5
# columns: 2
 0.404323 0.606597
 11.2005 -0.230695
 -1.69327 -1.06502
 3.94718 -0.292156
 -12.8392 3.52399


# name: sigma
# type: matrix
# rows: 5
# columns: 1
1.01592
0.69482
0.844346
1.05866
0.794919
