# name: mu
# type: matrix
# rows: 3
# columns: 2
 2.78559 -0.728089 3.11848
 -1.78812 -2.74741 -2.66068
 1.55411 0.699045 -0.802601


# name: sigma
# type: matrix
# rows: 3
# columns: 1
0.302116
0.473751
0.295305
