# name: mu
# type: matrix
# rows: 6
# columns: 2
 -2.98295 -0.397414
 -2.33827 1.2526
 0.603885 -0.0769882
 0.706231 -0.413545
 1.50643 -1.69835
 1.87877 1.1461


# name: sigma
# type: matrix
# rows: 6
# columns: 1
0.972674
0.788747
0.978002
0.788204
0.953131
1.0663
