# name: mu
# type: matrix
# rows: 5
# columns: 2
 1.50643 -1.69835
 0.706231 -0.413545
 -2.98295 -0.397414
 -2.33827 1.2526
 1.87877 1.1461


# name: sigma
# type: matrix
# rows: 5
# columns: 1
0.953131
0.788204
0.972674
0.788747
1.0663
