# name: mu
# type: matrix
# rows: 1
# columns: 2
 1.03746 0.00743199


# name: sigma
# type: matrix
# rows: 1
# columns: 1
0.617726
