# name: mu
# type: matrix
# rows: 5
# columns: 2
 2.70899 -1.27091
 2.12739 -1.91258
 2.40545 0.0417104
 -4.84069 2.892
 -3.38152 3.09162


# name: sigma
# type: matrix
# rows: 5
# columns: 1
0.815026
0.976371
0.850118
1.30615
0.962373
