# name: mu
# type: matrix
# rows: 6
# columns: 2
 -0.33066 0.0935878
 -1.35616 -2.1684
 -4.52605 -0.0262827
 6.26924 29.5865
 4.40384 0.114922
 -12.6566 4.04596


# name: sigma
# type: matrix
# rows: 6
# columns: 1
0.765271
0.844663
0.89321
1.03115
0.994399
1.14945
