# name: mu
# type: matrix
# rows: 5
# columns: 2
 6.26924 29.5865
 4.36991 0.239703
 -4.52605 -0.0262827
 -0.33066 0.0935878
 -1.35616 -2.1684


# name: sigma
# type: matrix
# rows: 5
# columns: 1
1.03115
1.00403
0.89321
0.765271
0.844663
