# name: mu
# type: matrix
# rows: 5
# columns: 2
 -7.68903 -17.9795
 6.39766 4.40944
 10.3585 11.1876
 1.73521 0.269965
 2.4332 -27.4475


# name: sigma
# type: matrix
# rows: 5
# columns: 1
1.5316
0.771335
0.781242
0.875764
1.32586
