# name: mu
# type: matrix
# rows: 4
# columns: 2
 -7.68903 -17.9795
 7.69296 4.6972
 1.73521 0.269965
 5.30612 -17.7031


# name: sigma
# type: matrix
# rows: 4
# columns: 1
1.5316
1.05242
0.875764
1.07888
