# name: mu
# type: matrix
# rows: 8
# columns: 2
 -6.6177 0.42912
 4.43974 0.495733
 18.3319 11.9039
 1.84526 -1.72353
 -5.70162 1.88698
 -2.83087 -0.866139
 3.18996 1.44195
 -6.87725 -0.757182


# name: sigma
# type: matrix
# rows: 8
# columns: 1
0.928245
0.894145
0.955444
0.827618
0.916504
1.39526
0.732152
0.961658
