# name: mu
# type: matrix
# rows: 7
# columns: 2
 -6.6177 0.42912
 4.43974 0.495733
 -2.83087 -0.866139
 1.84526 -1.72353
 -5.70162 1.88698
 3.18996 1.44195
 -4.36508 -11.4828


# name: sigma
# type: matrix
# rows: 7
# columns: 1
0.928245
0.894145
1.39526
0.827618
0.916504
0.732152
0.831365
