# name: mu
# type: matrix
# rows: 5
# columns: 2
 -0.144796 0.325166
 3.39351 0.239148
 1.67738 -0.794668
 5.65891 -0.953046
 6.87307 2.51193


# name: sigma
# type: matrix
# rows: 5
# columns: 1
0.879962
1.07442
0.825356
0.668799
1.00217
