# name: mu
# type: matrix
# rows: 4
# columns: 2
 5.65891 -0.953046
 -0.144796 0.325166
 1.67738 -0.794668
 -0.419094 1.28415


# name: sigma
# type: matrix
# rows: 4
# columns: 1
0.668799
0.879962
0.825356
0.894302
