# name: mu
# type: matrix
# rows: 7
# columns: 2
 -11.0809 -3.88404
 -4.76882 0.977025
 -1.56768 -0.0177511
 -15.0778 0.955798
 -4.34914 -2.1986
 2.17757 1.18553
 14.8928 -2.78333


# name: sigma
# type: matrix
# rows: 7
# columns: 1
1.17732
0.94779
0.822246
0.817973
0.70673
1.03442
1.3102
