# name: mu
# type: matrix
# rows: 5
# columns: 2
 -1.56768 -0.0177511
 -11.0809 -3.88404
 14.8928 -2.78333
 -4.34914 -2.1986
 2.17757 1.18553


# name: sigma
# type: matrix
# rows: 5
# columns: 1
0.822246
1.17732
1.3102
0.70673
1.03442
