# name: mu
# type: matrix
# rows: 5
# columns: 2
 1.59103 1.73231 1.12671
 1.61508 -4.129 -2.4669
 0.388796 -0.715491 -0.971251
 -1.87219 1.84469 0.694664
 -0.498203 -0.683275 -1.41837


# name: sigma
# type: matrix
# rows: 5
# columns: 1
0.31396
0.333241
0.410695
0.300216
0.245744
