# name: mu
# type: matrix
# rows: 3
# columns: 2
 1.61508 -4.129 -2.4669
 -1.87219 1.84469 0.694664
 1.59103 1.73231 1.12671


# name: sigma
# type: matrix
# rows: 3
# columns: 1
0.333241
0.300216
0.31396
