# name: mu
# type: matrix
# rows: 6
# columns: 2
 4.07286 -0.845941
 -1.15792 1.70171
 7.05095 1.72476
 2.91468 -22.2855
 -9.74591 -0.428413
 -2.8714 -2.28027


# name: sigma
# type: matrix
# rows: 6
# columns: 1
0.791337
0.87911
1.31275
1.13604
1.06721
0.89073
