# name: mu
# type: matrix
# rows: 5
# columns: 2
 -9.74591 -0.428413
 2.91468 -22.2855
 7.05095 1.72476
 4.07286 -0.845941
 -1.15792 1.70171


# name: sigma
# type: matrix
# rows: 5
# columns: 1
1.06721
1.13604
1.31275
0.791337
0.87911
