# name: mu
# type: matrix
# rows: 6
# columns: 2
 2.38177 -3.0438 3.73806
 -1.02354 3.68555 -0.416473
 -2.13642 -0.879486 -0.652515
 -5.55589 0.716984 0.622619
 1.08648 3.03949 1.45383
 1.6347 -0.436548 -0.744907


# name: sigma
# type: matrix
# rows: 6
# columns: 1
0.397776
0.326701
0.337048
0.317886
0.293609
0.286948
