# name: mu
# type: matrix
# rows: 4
# columns: 2
 -5.55589 0.716984 0.622619
 -2.13642 -0.879486 -0.652515
 2.38177 -3.0438 3.73806
 -1.02354 3.68555 -0.416473


# name: sigma
# type: matrix
# rows: 4
# columns: 1
0.317886
0.337048
0.397776
0.326701
