# name: mu
# type: matrix
# rows: 5
# columns: 2
 -3.28268 -3.09825 0.000645289
 -4.06699 0.962183 -1.95527
 6.19498 2.98967 -2.87381
 0.234882 -3.93789 2.10689
 -3.9844 1.581 -1.32404


# name: sigma
# type: matrix
# rows: 5
# columns: 1
0.285666
0.246507
0.370004
0.336539
0.292452
