# name: mu
# type: matrix
# rows: 4
# columns: 2
 -4.06699 0.962183 -1.95527
 -3.28268 -3.09825 0.000645289
 6.19498 2.98967 -2.87381
 0.234882 -3.93789 2.10689


# name: sigma
# type: matrix
# rows: 4
# columns: 1
0.246507
0.285666
0.370004
0.336539
