# name: mu
# type: matrix
# rows: 5
# columns: 2
 -1.37328 -0.414668
 0.5681 0.772659
 1.37657 -0.772386
 0.791814 2.28146
 -25.3551 -3.45961


# name: sigma
# type: matrix
# rows: 5
# columns: 1
0.805468
0.912
0.767862
0.639838
1.07363
