# name: mu
# type: matrix
# rows: 4
# columns: 2
 1.37657 -0.772386
 0.791814 2.28146
 -1.37328 -0.414668
 0.5681 0.772659


# name: sigma
# type: matrix
# rows: 4
# columns: 1
0.767862
0.639838
0.805468
0.912
