# name: mu
# type: matrix
# rows: 6
# columns: 2
 -0.311135 1.76842
 -1.605 1.80271
 0.759977 -0.774868
 7.6605 -0.870667
 4.1908 -12.4796
 -17.0638 -3.04984


# name: sigma
# type: matrix
# rows: 6
# columns: 1
0.70449
0.732899
0.897478
0.897806
0.806364
1.03951
