# name: mu
# type: matrix
# rows: 4
# columns: 2
 -0.673694 1.58931
 11.2783 1.3593
 -5.38525 1.28134
 1.74157 -1.40278


# name: sigma
# type: matrix
# rows: 4
# columns: 1
1.01527
0.879174
1.20777
1.06193
