# name: mu
# type: matrix
# rows: 7
# columns: 2
 8.05897 3.22721
 2.46779 -1.56563
 -0.308627 0.208534
 -0.951673 2.73727
 1.05391 0.504307
 -4.60416 -11.0824
 6.12318 0.441683


# name: sigma
# type: matrix
# rows: 7
# columns: 1
0.816205
0.8246
0.792179
0.859913
0.911938
0.90486
1.21705
