# name: mu
# type: matrix
# rows: 5
# columns: 2
 -0.308627 0.208534
 -4.60416 -11.0824
 -0.951673 2.73727
 6.12318 0.441683
 2.46779 -1.56563


# name: sigma
# type: matrix
# rows: 5
# columns: 1
0.792179
0.90486
0.859913
1.21705
0.8246
