# name: mu
# type: matrix
# rows: 4
# columns: 2
 3.10552 -3.71283 -0.58844
 0.332849 -1.65807 6.96322
 0.586819 0.980376 0.903538
 -2.64865 0.770477 -1.56726


# name: sigma
# type: matrix
# rows: 4
# columns: 1
0.440431
0.361535
0.327927
0.333083
