# name: mu
# type: matrix
# rows: 3
# columns: 2
 0.586819 0.980376 0.903538
 3.10552 -3.71283 -0.58844
 0.332849 -1.65807 6.96322


# name: sigma
# type: matrix
# rows: 3
# columns: 1
0.327927
0.440431
0.361535
