# name: mu
# type: matrix
# rows: 5
# columns: 2
 8.12144 -1.83882
 -5.26141 -0.539863
 -2.31009 -0.592866
 0.724176 8.45293
 -15.8516 0.592665


# name: sigma
# type: matrix
# rows: 5
# columns: 1
0.720155
0.831812
0.917833
0.914412
1.1944
