# name: mu
# type: matrix
# rows: 4
# columns: 2
 -5.26141 -0.539863
 8.12144 -1.83882
 -15.8516 0.592665
 -2.31009 -0.592866


# name: sigma
# type: matrix
# rows: 4
# columns: 1
0.831812
0.720155
1.1944
0.917833
