# name: mu
# type: matrix
# rows: 3
# columns: 2
 -1.66414 -0.180182
 -20.2222 3.37158
 -8.16863 1.05553


# name: sigma
# type: matrix
# rows: 3
# columns: 1
0.821485
1.01519
1.02698
