# name: mu
# type: matrix
# rows: 3
# columns: 2
 -0.0529241 -3.15098 -0.572471
 0.440409 0.691412 -0.647493
 2.32619 2.01467 2.08802


# name: sigma
# type: matrix
# rows: 3
# columns: 1
0.32049
0.280899
0.245771
