# name: mu
# type: matrix
# rows: 8
# columns: 2
 -0.940276 14.7799
 -11.7274 -9.27132
 -6.66363 2.36605
 2.27357 2.00702
 1.64669 -2.46936
 -5.07544 -1.74236
 2.1724 -7.90172
 14.1088 10.2726


# name: sigma
# type: matrix
# rows: 8
# columns: 1
0.729854
0.963185
0.790517
0.875447
1.15491
0.70468
1.09802
1.08711
