# name: mu
# type: matrix
# rows: 4
# columns: 2
 1.64669 -2.46936
 -5.07544 -1.74236
 -5.07704 -3.29173
 -6.12805 5.79688


# name: sigma
# type: matrix
# rows: 4
# columns: 1
1.15491
0.70468
0.904595
1.43619
