# name: mu
# type: matrix
# rows: 6
# columns: 2
 -1.70405 12.8516
 -0.312057 0.779366
 2.2178 0.481531
 -7.04022 -9.32098
 10.2393 32.1115
 -5.2244 14.2932


# name: sigma
# type: matrix
# rows: 6
# columns: 1
0.976024
0.968936
0.891739
0.808608
0.942975
1.03392
