# name: mu
# type: matrix
# rows: 4
# columns: 2
 11.0937 40.2263
 -6.95058 -8.52037
 -0.93706 0.454118
 2.2178 0.481531


# name: sigma
# type: matrix
# rows: 4
# columns: 1
1.16297
0.889374
0.896996
0.891739
