# name: mu
# type: matrix
# rows: 6
# columns: 2
 1.78714 -1.67325 0.10445
 -0.0676445 -0.649625 -4.08109
 -0.465441 1.96925 -1.86854
 -3.41256 -4.28957 3.08112
 -0.610675 0.749557 2.58111
 1.21627 -5.46824 -2.31246


# name: sigma
# type: matrix
# rows: 6
# columns: 1
0.28757
0.338686
0.348824
0.390544
0.311062
0.352691
