# name: mu
# type: matrix
# rows: 6
# columns: 2
 -13.2993 0.597313
 13.9747 1.73693
 -1.19856 -0.00150387
 3.0295 -0.288707
 -13.606 -0.983091
 4.49485 2.27184


# name: sigma
# type: matrix
# rows: 6
# columns: 1
1.04679
1.19984
0.775068
0.915908
0.693993
0.965479
