# name: mu
# type: matrix
# rows: 5
# columns: 2
 -13.606 -0.983091
 -1.19856 -0.00150387
 2.11553 -0.383248
 15.6208 4.90068
 -13.2993 0.597313


# name: sigma
# type: matrix
# rows: 5
# columns: 1
0.693993
0.775068
1.02992
1.1127
1.04679
