# name: mu
# type: matrix
# rows: 4
# columns: 2
 -3.05101 0.220279
 -0.657964 0.633426
 3.89605 -0.934152
 -2.65774 -0.653366


# name: sigma
# type: matrix
# rows: 4
# columns: 1
1.04362
1.07831
0.90821
0.85052
