# name: mu
# type: matrix
# rows: 4
# columns: 2
 -0.657964 0.633426
 -3.05101 0.220279
 7.57444 1.39761
 -2.65774 -0.653366


# name: sigma
# type: matrix
# rows: 4
# columns: 1
1.07831
1.04362
0.972092
0.85052
