# name: mu
# type: matrix
# rows: 3
# columns: 2
 -1.33684 -0.282336
 -4.18213 -1.61924
 -8.6282 4.97996


# name: sigma
# type: matrix
# rows: 3
# columns: 1
0.793616
0.911387
0.950376
