# name: mu
# type: matrix
# rows: 5
# columns: 2
 -13.7983 4.06305
 -1.3003 -1.35011
 0.378053 0.72708
 10.5406 -0.291326
 -5.3099 8.7488


# name: sigma
# type: matrix
# rows: 5
# columns: 1
0.707594
0.995167
0.87501
0.875937
0.970983
