# name: mu
# type: matrix
# rows: 4
# columns: 2
 -0.252525 -1.22861
 -13.7983 4.06305
 10.5406 -0.291326
 0.378053 0.72708


# name: sigma
# type: matrix
# rows: 4
# columns: 1
0.787557
0.707594
0.875937
0.87501
