# name: mu
# type: matrix
# rows: 3
# columns: 2
 -2.18756 0.529724 -1.01984
 1.16982 1.02262 0.872861
 0.0684203 -0.244952 -3.74199


# name: sigma
# type: matrix
# rows: 3
# columns: 1
0.29195
0.330743
0.249432
