# name: mu
# type: matrix
# rows: 4
# columns: 2
 -6.33096 -0.966175
 -2.75037 -0.714156
 2.45675 -0.437687
 14.8205 -5.8596


# name: sigma
# type: matrix
# rows: 4
# columns: 1
0.966531
0.794235
0.996114
0.993134
