# name: mu
# type: matrix
# rows: 3
# columns: 2
 -6.85857 -1.13371
 2.98528 -0.419549
 -2.75037 -0.714156


# name: sigma
# type: matrix
# rows: 3
# columns: 1
1.27494
1.51941
0.794235
