# name: mu
# type: matrix
# rows: 8
# columns: 2
 -0.0901068 4.58198
 5.81419 -1.14352
 -2.30158 0.0193938
 4.9928 -1.77481
 -4.2886 -2.10777
 2.07884 -2.54975
 0.473786 -1.40303
 13.2265 -3.1014


# name: sigma
# type: matrix
# rows: 8
# columns: 1
1.03104
0.76538
0.999824
1.21787
0.864002
0.675672
0.85794
0.818843
