# name: mu
# type: matrix
# rows: 8
# columns: 2
 0.473786 -1.40303
 5.81419 -1.14352
 -4.05387 -1.55893
 0.693081 -0.558813
 -2.30158 0.0193938
 -0.0901068 4.58198
 4.9928 -1.77481
 2.07884 -2.54975


# name: sigma
# type: matrix
# rows: 8
# columns: 1
0.85794
0.76538
0.910406
1.00558
0.999824
1.03104
1.21787
0.675672
