# name: mu
# type: matrix
# rows: 7
# columns: 2
 -1.6234 1.56924
 -1.48886 0.250698
 4.01774 0.695836
 -0.693569 -0.556669
 3.52889 1.8801
 -1.81795 6.07281
 0.768807 -2.54262


# name: sigma
# type: matrix
# rows: 7
# columns: 1
1.287
1.26623
0.970252
1.00264
0.940909
0.92934
1.45596
