# name: mu
# type: matrix
# rows: 6
# columns: 2
 -1.6234 1.56924
 -0.693569 -0.556669
 -4.28331 6.48873
 -0.593804 -1.9893
 4.01774 0.695836
 -1.48886 0.250698


# name: sigma
# type: matrix
# rows: 6
# columns: 1
1.287
1.00264
0.927696
1.11426
0.970252
1.26623
