# name: mu
# type: matrix
# rows: 5
# columns: 2
 -0.945975 -0.784754
 -2.43003 2.04378
 1.30334 0.750488
 -2.04693 -0.0595074
 -6.48227 2.33341


# name: sigma
# type: matrix
# rows: 5
# columns: 1
0.739646
0.907849
1.13273
1.23353
0.96327
