# name: mu
# type: matrix
# rows: 4
# columns: 2
 -2.04693 -0.0595074
 1.30334 0.750488
 -2.43003 2.04378
 -0.945975 -0.784754


# name: sigma
# type: matrix
# rows: 4
# columns: 1
1.23353
1.13273
0.907849
0.739646
