# name: mu
# type: matrix
# rows: 3
# columns: 2
 -7.96275 4.8761
 -4.34863 -1.78025
 10.1203 2.56074


# name: sigma
# type: matrix
# rows: 3
# columns: 1
0.687027
0.736398
0.796205
