# name: mu
# type: matrix
# rows: 4
# columns: 2
 -4.30573 0.815902
 -0.529093 -0.139181
 4.56182 5.54075
 -9.72058 0.970973


# name: sigma
# type: matrix
# rows: 4
# columns: 1
0.816133
1.21171
0.859394
0.828586
