# name: mu
# type: matrix
# rows: 4
# columns: 2
 -4.30573 0.815902
 4.56182 5.54075
 -0.529093 -0.139181
 6.02353 -1.84067


# name: sigma
# type: matrix
# rows: 4
# columns: 1
0.816133
0.859394
1.21171
1.48446
