# name: mu
# type: matrix
# rows: 5
# columns: 2
 -9.77996 0.515362
 3.6115 -0.0723145
 2.85071 -6.49289
 9.07243 9.84467
 2.01446 -1.45881


# name: sigma
# type: matrix
# rows: 5
# columns: 1
0.799536
1.03084
0.947826
1.02418
0.855633
