# name: mu
# type: matrix
# rows: 5
# columns: 2
 2.85071 -6.49289
 -9.77996 0.515362
 3.23357 -0.205917
 11.58 -12.7521
 7.41759 9.92027


# name: sigma
# type: matrix
# rows: 5
# columns: 1
0.947826
0.799536
0.825203
0.807306
1.07043
