# name: mu
# type: matrix
# rows: 5
# columns: 2
 3.73565 2.39685
 2.56329 0.338528
 13.4177 3.14957
 -1.80371 0.569621
 11.1974 2.56662


# name: sigma
# type: matrix
# rows: 5
# columns: 1
0.813767
0.772283
0.873145
0.787274
0.890629
