# name: mu
# type: matrix
# rows: 4
# columns: 2
 -3.63092 0.484724
 -4.57318 -0.325865
 2.56329 0.338528
 13.847 3.67521


# name: sigma
# type: matrix
# rows: 4
# columns: 1
0.996323
1.04445
0.772283
1.12449
