# name: mu
# type: matrix
# rows: 6
# columns: 2
 8.11403 29.4129
 -6.82876 -8.5211
 10.3155 31.7694
 0.927912 1.08124
 4.55541 27.4276
 0.0821244 0.26321


# name: sigma
# type: matrix
# rows: 6
# columns: 1
1.04646
0.856297
1.06215
0.979012
1.07069
0.930492
