# name: mu
# type: matrix
# rows: 5
# columns: 2
 0.0821244 0.26321
 9.77774 35.6796
 0.927912 1.08124
 -3.41496 3.83417
 -6.82876 -8.5211


# name: sigma
# type: matrix
# rows: 5
# columns: 1
0.930492
1.32992
0.979012
1.24115
0.856297
