# name: mu
# type: matrix
# rows: 10
# columns: 2
 -6.74875 3.60073
 2.50211 11.1456
 4.32118 0.395926
 1.77118 0.301793
 3.13169 1.46074
 12.1844 0.669605
 -1.96102 -1.28598
 2.2147 -3.7058
 11.4189 -0.176855
 -11.4045 -6.14388


# name: sigma
# type: matrix
# rows: 10
# columns: 1
1.10407
0.706904
1.07604
0.810407
0.925249
1.20837
0.899738
1.16478
0.925838
1.35041
