# name: mu
# type: matrix
# rows: 9
# columns: 2
 4.32118 0.395926
 2.2147 -3.7058
 12.1844 0.669605
 -0.462837 7.18237
 -11.0473 -6.7374
 -6.14087 -0.130701
 1.77118 0.301793
 11.4189 -0.176855
 -1.96102 -1.28598


# name: sigma
# type: matrix
# rows: 9
# columns: 1
1.07604
1.16478
1.20837
1.16947
0.966792
1.01463
0.810407
0.925838
0.899738
