# name: mu
# type: matrix
# rows: 4
# columns: 2
 0.765028 -0.396922
 -8.57421 0.0188343
 21.8116 -18.3729
 4.29114 0.558044


# name: sigma
# type: matrix
# rows: 4
# columns: 1
0.837194
0.876118
1.69112
0.962238
