# name: mu
# type: matrix
# rows: 8
# columns: 2
 1.55688 3.61523
 -2.3496 0.331449
 6.74037 1.30259
 -3.89391 -13.6338
 -1.46377 0.114072
 -19.8393 -3.82839
 19.6706 -12.9375
 4.41618 0.607882


# name: sigma
# type: matrix
# rows: 8
# columns: 1
1.32119
0.791292
0.936888
1.04577
1.32255
1.18042
0.916473
0.741679
