# name: mu
# type: matrix
# rows: 6
# columns: 2
 6.74037 1.30259
 -2.3496 0.331449
 -19.8393 -3.82839
 4.41618 0.607882
 3.35217 -0.124044
 -1.46377 0.114072


# name: sigma
# type: matrix
# rows: 6
# columns: 1
0.936888
0.791292
1.18042
0.741679
0.797481
1.32255
