# name: mu
# type: matrix
# rows: 5
# columns: 2
 -1.51149 -1.21188
 12.6707 -6.1385
 -1.3284 1.76675
 -8.74471 -20.5289
 -5.83762 1.76118


# name: sigma
# type: matrix
# rows: 5
# columns: 1
0.919531
0.939363
0.925129
0.938721
0.807415
