# name: mu
# type: matrix
# rows: 5
# columns: 2
 -8.74471 -20.5289
 -1.3284 1.76675
 -1.51149 -1.21188
 11.5315 1.06289
 12.6707 -6.1385


# name: sigma
# type: matrix
# rows: 5
# columns: 1
0.938721
0.925129
0.919531
1.16221
0.939363
