# name: mu
# type: matrix
# rows: 4
# columns: 2
 0.422145 0.245401 -0.53957
 -0.861105 -0.733525 -3.19488
 0.490364 -1.84107 2.29595
 -0.751457 2.44362 -0.466559


# name: sigma
# type: matrix
# rows: 4
# columns: 1
0.368714
0.261885
0.367866
0.388017
