# name: mu
# type: matrix
# rows: 1
# columns: 2
 -1.14986 0.129801


# name: sigma
# type: matrix
# rows: 1
# columns: 1
1.23292
