# name: mu
# type: matrix
# rows: 3
# columns: 2
 1.77882 2.71699 1.79668
 0.831577 3.07938 -1.23978
 -1.68181 0.902918 0.134808


# name: sigma
# type: matrix
# rows: 3
# columns: 1
0.38711
0.29323
0.286139
