# name: mu
# type: matrix
# rows: 5
# columns: 2
 -4.81407 8.06186
 0.0943036 0.562933
 -14.5402 3.48741
 -4.03754 2.04045
 -11.5928 -0.160121


# name: sigma
# type: matrix
# rows: 5
# columns: 1
0.815487
0.726344
0.744807
1.12344
0.91669
