# name: mu
# type: matrix
# rows: 6
# columns: 2
 1.45339 5.97719
 3.97113 6.85349
 0.0943036 0.562933
 -4.81407 8.06186
 -14.594 3.97778
 -11.5928 -0.160121


# name: sigma
# type: matrix
# rows: 6
# columns: 1
0.831384
0.873072
0.726344
0.815487
1.18811
0.91669
