# name: mu
# type: matrix
# rows: 7
# columns: 2
 -1.5927 -3.25898
 -30.915 -11.961
 6.08527 1.60421
 23.9046 -6.04264
 -1.30564 -3.18735
 3.3092 4.73997
 4.51236 0.186701


# name: sigma
# type: matrix
# rows: 7
# columns: 1
0.856198
1.57423
1.23755
1.12083
0.725255
0.667589
0.882788
