# name: mu
# type: matrix
# rows: 6
# columns: 2
 6.31574 2.62871
 6.08527 1.60421
 -1.5927 -3.25898
 23.9046 -6.04264
 3.3092 4.73997
 4.51236 0.186701


# name: sigma
# type: matrix
# rows: 6
# columns: 1
1.16847
1.23755
0.856198
1.12083
0.667589
0.882788
