# name: mu
# type: matrix
# rows: 5
# columns: 2
 0.613626 -0.917739
 0.227523 0.656641
 1.04888 -5.11726
 -5.24124 0.173984
 3.67248 0.438097


# name: sigma
# type: matrix
# rows: 5
# columns: 1
1.57215
0.891466
0.825199
0.983244
0.747698
