# name: mu
# type: matrix
# rows: 4
# columns: 2
 -4.52795 0.557187
 0.613626 -0.917739
 0.227523 0.656641
 3.67248 0.438097


# name: sigma
# type: matrix
# rows: 4
# columns: 1
0.934548
1.57215
0.891466
0.747698
