# name: mu
# type: matrix
# rows: 9
# columns: 2
 1.66078 -0.155271
 -9.017 -2.99384
 16.6631 -6.88073
 9.04532 -0.980644
 1.73712 0.360775
 -10.5912 -0.10349
 -10.583 -0.860546
 6.54361 0.485418
 -3.59791 0.152276


# name: sigma
# type: matrix
# rows: 9
# columns: 1
0.768532
1.13658
1.1774
1.2996
1.19787
1.01673
0.795645
1.084
1.03653
