# name: mu
# type: matrix
# rows: 4
# columns: 2
 2.05706 -0.694714
 6.31323 0.564256
 -1.67648 0.834234
 3.03318 0.131335


# name: sigma
# type: matrix
# rows: 4
# columns: 1
0.818269
1.15265
0.916196
1.07681
