# name: mu
# type: matrix
# rows: 5
# columns: 2
 5.79193 -2.39929
 -4.67723 2.68915
 -1.29708 -1.20372
 0.636421 -1.17486
 -0.848981 1.44498


# name: sigma
# type: matrix
# rows: 5
# columns: 1
0.983843
0.718595
0.94532
0.787094
1.03308
