# name: mu
# type: matrix
# rows: 2
# columns: 2
 -4.67723 2.68915
 -1.29708 -1.20372


# name: sigma
# type: matrix
# rows: 2
# columns: 1
0.718595
0.94532
