# name: mu
# type: matrix
# rows: 5
# columns: 2
 3.97721 -7.75481
 5.78093 -0.110387
 0.00404915 -0.111945
 -5.22201 -0.318451
 4.14002 -1.73021


# name: sigma
# type: matrix
# rows: 5
# columns: 1
1.47186
0.960802
0.705436
1.28729
1.03422
