# name: mu
# type: matrix
# rows: 4
# columns: 2
 5.78093 -0.110387
 3.97721 -7.75481
 0.00404915 -0.111945
 -5.22201 -0.318451


# name: sigma
# type: matrix
# rows: 4
# columns: 1
0.960802
1.47186
0.705436
1.28729
