# name: mu
# type: matrix
# rows: 7
# columns: 2
 -7.33167 0.406158
 7.79002 0.723882
 1.49774 1.14909
 -0.475222 0.297998
 -18.2982 2.741
 4.94613 -1.84791
 4.70994 -0.424892


# name: sigma
# type: matrix
# rows: 7
# columns: 1
1.04409
1.03558
0.939111
0.96623
0.919948
0.890558
1.14709
