# name: mu
# type: matrix
# rows: 5
# columns: 2
 -18.5315 3.02701
 1.18702 1.26267
 4.94613 -1.84791
 4.70994 -0.424892
 -0.475222 0.297998


# name: sigma
# type: matrix
# rows: 5
# columns: 1
1.13438
1.31607
0.890558
1.14709
0.96623
