# name: mu
# type: matrix
# rows: 4
# columns: 2
 -5.75645 1.08155
 4.3479 -1.52213
 -0.173324 -0.199091
 -2.26833 0.757724


# name: sigma
# type: matrix
# rows: 4
# columns: 1
0.997589
0.883411
0.765821
0.821434
