# name: mu
# type: matrix
# rows: 5
# columns: 2
 4.3479 -1.52213
 0.0130171 -0.185668
 -3.96885 0.882347
 8.08248 -0.711527
 -3.41759 0.393831


# name: sigma
# type: matrix
# rows: 5
# columns: 1
0.883411
1.06286
0.72311
1.07677
1.13701
