# name: mu
# type: matrix
# rows: 7
# columns: 2
 5.06673 0.929825
 2.77075 -0.704041
 6.29137 -0.150362
 1.70732 -1.35377
 -3.15576 -2.28261
 -14.5013 -1.12228
 -9.88446 -4.98061


# name: sigma
# type: matrix
# rows: 7
# columns: 1
0.790384
0.941611
0.815556
0.964152
0.936625
0.9469
0.857171
