# name: mu
# type: matrix
# rows: 6
# columns: 2
 6.29137 -0.150362
 5.06673 0.929825
 -9.88446 -4.98061
 1.70732 -1.35377
 -14.5013 -1.12228
 2.77075 -0.704041


# name: sigma
# type: matrix
# rows: 6
# columns: 1
0.815556
0.790384
0.857171
0.964152
0.9469
0.941611
