# name: mu
# type: matrix
# rows: 4
# columns: 2
 -1.35252 -1.9561 0.248382
 -1.93883 -1.55018 2.82523
 1.58167 2.02656 0.302941
 -10.4977 -3.90818 -5.61663


# name: sigma
# type: matrix
# rows: 4
# columns: 1
0.263646
0.314715
0.380628
0.449057
