# name: mu
# type: matrix
# rows: 3
# columns: 2
 -1.93883 -1.55018 2.82523
 -10.4977 -3.90818 -5.61663
 1.58167 2.02656 0.302941


# name: sigma
# type: matrix
# rows: 3
# columns: 1
0.314715
0.449057
0.380628
