# name: mu
# type: matrix
# rows: 6
# columns: 2
 -2.57009 0.445648
 2.4865 0.55767
 7.56507 0.292096
 2.70941 -1.56551
 -8.79252 -0.0353633
 1.12973 3.49806


# name: sigma
# type: matrix
# rows: 6
# columns: 1
1.2024
1.16963
0.792814
0.74824
1.2052
0.786027
