# name: mu
# type: matrix
# rows: 5
# columns: 2
 2.70941 -1.56551
 -8.79252 -0.0353633
 7.56507 0.292096
 2.4865 0.55767
 -2.57009 0.445648


# name: sigma
# type: matrix
# rows: 5
# columns: 1
0.74824
1.2052
0.792814
1.16963
1.2024
