# name: mu
# type: matrix
# rows: 4
# columns: 2
 -1.18296 1.54994 5.7696
 -1.70815 -1.92735 1.46244
 0.623426 0.731762 -1.10816
 -4.43681 -3.94029 -2.89582


# name: sigma
# type: matrix
# rows: 4
# columns: 1
0.329825
0.29089
0.258454
0.373283
