# name: mu
# type: matrix
# rows: 3
# columns: 2
 5.08475 0.46701 4.13759
 1.25062 -1.34756 -1.43475
 3.50746 2.14559 -1.97908


# name: sigma
# type: matrix
# rows: 3
# columns: 1
0.424709
0.331858
0.253019
