# name: mu
# type: matrix
# rows: 5
# columns: 2
 -13.3516 4.2752
 -0.287871 0.520305
 -3.35879 0.0241937
 0.533289 -0.766574
 7.9911 -2.01673


# name: sigma
# type: matrix
# rows: 5
# columns: 1
1.23527
0.968367
0.798204
1.0715
0.885706
