# name: mu
# type: matrix
# rows: 7
# columns: 2
 0.207369 0.931508
 -2.26084 2.20447
 4.90217 1.19426
 -30.4983 -20.8549
 -4.52898 -1.96073
 2.52614 -1.02444
 3.2596 -4.72589


# name: sigma
# type: matrix
# rows: 7
# columns: 1
0.73731
0.72014
0.770889
1.08392
0.869254
0.886502
0.909515
