# name: mu
# type: matrix
# rows: 6
# columns: 2
 -30.4983 -20.8549
 4.90217 1.19426
 0.207369 0.931508
 3.2596 -4.72589
 2.52614 -1.02444
 -3.15081 1.39451


# name: sigma
# type: matrix
# rows: 6
# columns: 1
1.08392
0.770889
0.73731
0.909515
0.886502
1.02958
