# name: mu
# type: matrix
# rows: 5
# columns: 2
 4.86643 -0.381932
 -4.81829 -1.42713
 4.40699 -0.124693
 3.23058 -1.1847
 -2.02935 -1.04761


# name: sigma
# type: matrix
# rows: 5
# columns: 1
0.845308
0.830258
0.879833
0.836177
0.836176
