# name: mu
# type: matrix
# rows: 5
# columns: 2
 -0.541416 0.953475 2.65617
 3.48481 0.900779 0.885879
 -0.158043 0.384977 -4.38747
 1.865 -1.2567 1.12613
 5.18801 0.314941 7.98033


# name: sigma
# type: matrix
# rows: 5
# columns: 1
0.237514
0.32508
0.298095
0.260228
0.36534
