# name: mu
# type: matrix
# rows: 3
# columns: 2
 1.865 -1.2567 1.12613
 5.18801 0.314941 7.98033
 -0.158043 0.384977 -4.38747


# name: sigma
# type: matrix
# rows: 3
# columns: 1
0.260228
0.36534
0.298095
