# name: mu
# type: matrix
# rows: 5
# columns: 2
 -1.9579 -0.36559
 -0.741348 0.355659
 3.67426 0.680239
 2.36498 -1.20329
 -12.7848 1.54411


# name: sigma
# type: matrix
# rows: 5
# columns: 1
1.27567
0.886738
0.922182
0.610538
1.57392
