# name: mu
# type: matrix
# rows: 4
# columns: 2
 2.36498 -1.20329
 3.67426 0.680239
 -1.9579 -0.36559
 -0.741348 0.355659


# name: sigma
# type: matrix
# rows: 4
# columns: 1
0.610538
0.922182
1.27567
0.886738
