# name: mu
# type: matrix
# rows: 3
# columns: 2
 -0.879367 1.76883 1.04683
 -0.692724 0.0356837 0.925644
 0.75706 3.06962 -0.340412


# name: sigma
# type: matrix
# rows: 3
# columns: 1
0.388114
0.270573
0.310367
