# name: mu
# type: matrix
# rows: 4
# columns: 2
 1.20392 -0.075455 1.4118
 0.689828 -1.67552 -1.47186
 0.392483 1.51154 -4.41988
 3.81619 2.34983 -0.668633


# name: sigma
# type: matrix
# rows: 4
# columns: 1
0.231892
0.42924
0.311195
0.342254
