# name: mu
# type: matrix
# rows: 3
# columns: 2
 0.392483 1.51154 -4.41988
 1.20392 -0.075455 1.4118
 0.689828 -1.67552 -1.47186


# name: sigma
# type: matrix
# rows: 3
# columns: 1
0.311195
0.231892
0.42924
