# name: mu
# type: matrix
# rows: 3
# columns: 2
 1.12229 0.761188
 -0.646587 0.401117
 1.85939 1.08529


# name: sigma
# type: matrix
# rows: 3
# columns: 1
1.01087
0.986817
0.787179
