# name: mu
# type: matrix
# rows: 6
# columns: 2
 2.0251 0.571398
 5.22437 0.949908
 2.35378 -0.576332
 3.41376 -1.52785
 -6.14713 -2.63781
 -12.5684 -1.04712


# name: sigma
# type: matrix
# rows: 6
# columns: 1
0.890547
0.939548
0.881313
1.0915
0.881354
0.92393
