# name: mu
# type: matrix
# rows: 5
# columns: 2
 -12.5684 -1.04712
 4.76541 0.861246
 2.78464 -0.779656
 1.46107 2.07674
 4.37261 -1.71323


# name: sigma
# type: matrix
# rows: 5
# columns: 1
0.92393
1.06731
1.01061
1.33303
1.2777
