# name: mu
# type: matrix
# rows: 4
# columns: 2
 -7.86163 -5.94598
 19.8998 5.41378
 -1.04471 -0.346374
 3.1815 -0.262069


# name: sigma
# type: matrix
# rows: 4
# columns: 1
0.866616
1.01055
0.832404
0.891632
