# name: mu
# type: matrix
# rows: 3
# columns: 2
 -0.280111 -1.45447
 0.290941 -0.288579
 3.94123 0.673893


# name: sigma
# type: matrix
# rows: 3
# columns: 1
0.73229
0.861223
0.777758
