# name: mu
# type: matrix
# rows: 4
# columns: 2
 2.13766 0.148923
 -0.65669 0.811835
 -1.2815 -0.477764
 -5.58207 0.436246


# name: sigma
# type: matrix
# rows: 4
# columns: 1
0.791566
0.933419
0.969129
0.840711
