# name: mu
# type: matrix
# rows: 3
# columns: 2
 1.53084 -0.360749 3.53583
 -0.450016 -1.55709 1.0404
 -0.796476 2.08754 -0.0166206


# name: sigma
# type: matrix
# rows: 3
# columns: 1
0.352872
0.282944
0.341021
