# name: mu
# type: matrix
# rows: 6
# columns: 2
 0.633158 0.015698
 3.02797 0.35956
 4.385 -1.59129
 -14.7206 -1.21652
 -5.67604 1.07786
 -1.86987 3.00555


# name: sigma
# type: matrix
# rows: 6
# columns: 1
0.840422
1.36266
0.773165
0.924699
0.772785
1.05612
