# name: mu
# type: matrix
# rows: 5
# columns: 2
 3.02797 0.35956
 0.633158 0.015698
 4.385 -1.59129
 -14.7206 -1.21652
 -5.67604 1.07786


# name: sigma
# type: matrix
# rows: 5
# columns: 1
1.36266
0.840422
0.773165
0.924699
0.772785
