# name: mu
# type: matrix
# rows: 3
# columns: 2
 -0.15357 0.470762 -0.56038
 6.94341 -0.639646 2.66799
 0.54593 6.76275 6.30143


# name: sigma
# type: matrix
# rows: 3
# columns: 1
0.308623
0.391609
0.430864
