# name: mu
# type: matrix
# rows: 4
# columns: 2
 21.8751 -3.45366
 0.982003 -1.08726
 3.03198 0.155919
 -1.03506 0.935359


# name: sigma
# type: matrix
# rows: 4
# columns: 1
1.00815
0.602738
1.18186
0.92615
