# name: mu
# type: matrix
# rows: 5
# columns: 2
 3.66618 4.78067
 4.40508 -1.60988
 -1.41013 0.613873
 -7.83323 3.6255
 -7.63526 2.15159


# name: sigma
# type: matrix
# rows: 5
# columns: 1
0.721771
1.01785
1.03722
0.872789
1.18444
