# name: mu
# type: matrix
# rows: 5
# columns: 2
 -7.83323 3.6255
 3.66618 4.78067
 -1.41013 0.613873
 -15.5175 -11.2204
 16.7163 -4.43572


# name: sigma
# type: matrix
# rows: 5
# columns: 1
0.872789
0.721771
1.03722
1.53779
0.812651
