# name: mu
# type: matrix
# rows: 5
# columns: 2
 2.9045 0.351436
 -1.12191 0.0278103
 -3.11824 -1.10173
 -2.28149 -0.216162
 -15.9965 2.74886


# name: sigma
# type: matrix
# rows: 5
# columns: 1
1.09134
0.957007
0.822768
0.979537
1.13559
