# name: mu
# type: matrix
# rows: 4
# columns: 2
 -3.11824 -1.10173
 -1.12191 0.0278103
 -2.78049 2.44738
 2.9045 0.351436


# name: sigma
# type: matrix
# rows: 4
# columns: 1
0.822768
0.957007
1.02089
1.09134
