# name: mu
# type: matrix
# rows: 5
# columns: 2
 -5.16174 -1.38273
 10.9715 2.92525
 2.81437 -0.618838
 2.01944 0.31091
 -5.91124 -2.82673


# name: sigma
# type: matrix
# rows: 5
# columns: 1
0.923809
0.888034
0.783463
0.813445
1.04195
