# name: mu
# type: matrix
# rows: 6
# columns: 2
 2.01944 0.31091
 -5.91124 -2.82673
 2.81437 -0.618838
 -5.16174 -1.38273
 -5.19151 -1.63956
 10.9715 2.92525


# name: sigma
# type: matrix
# rows: 6
# columns: 1
0.813445
1.04195
0.783463
0.923809
0.922933
0.888034
