# name: mu
# type: matrix
# rows: 4
# columns: 2
 -2.31934 -2.86095 -0.011287
 -0.176664 -7.63357 0.751814
 -0.478005 -0.79897 -0.699508
 1.04617 1.76456 1.80423


# name: sigma
# type: matrix
# rows: 4
# columns: 1
0.243798
0.323974
0.356396
0.318369
