# name: mu
# type: matrix
# rows: 3
# columns: 2
 -0.478005 -0.79897 -0.699508
 -0.176664 -7.63357 0.751814
 -2.31934 -2.86095 -0.011287


# name: sigma
# type: matrix
# rows: 3
# columns: 1
0.356396
0.323974
0.243798
