# name: mu
# type: matrix
# rows: 3
# columns: 2
 -0.409337 -0.0675593 -3.64795
 0.721617 -2.39875 0.201895
 3.08494 1.66387 -5.48242


# name: sigma
# type: matrix
# rows: 3
# columns: 1
0.35187
0.282431
0.281748
