# name: mu
# type: matrix
# rows: 6
# columns: 2
 4.29476 -0.256306
 -6.0965 -0.939017
 -5.05546 -0.112664
 -2.48297 -0.82338
 -0.382281 -0.241924
 -7.3942 -10.913


# name: sigma
# type: matrix
# rows: 6
# columns: 1
0.934048
0.811916
1.12646
0.89488
0.781623
0.752044
