# name: mu
# type: matrix
# rows: 2
# columns: 2
 -5.25758 -0.892147
 -3.92865 1.81168


# name: sigma
# type: matrix
# rows: 2
# columns: 1
0.750066
1.09892
