# name: mu
# type: matrix
# rows: 2
# columns: 2
 -3.92865 1.81168
 -5.25758 -0.892147


# name: sigma
# type: matrix
# rows: 2
# columns: 1
1.09892
0.750066
