# name: mu
# type: matrix
# rows: 2
# columns: 2
 1.19732 2.54513 1.58963
 1.6468 -1.23868 -0.270406


# name: sigma
# type: matrix
# rows: 2
# columns: 1
0.340096
0.269134
