# name: mu
# type: matrix
# rows: 1
# columns: 2
 1.19732 2.54513 1.58963


# name: sigma
# type: matrix
# rows: 1
# columns: 1
0.340096
