# name: mu
# type: matrix
# rows: 5
# columns: 2
 -9.74529 -6.16025
 -4.54879 -2.36919
 -0.00341786 3.64814
 -8.91427 3.02765
 -1.97815 0.000773365


# name: sigma
# type: matrix
# rows: 5
# columns: 1
0.884849
0.664484
0.881468
0.989257
0.826637
