# name: mu
# type: matrix
# rows: 4
# columns: 2
 -1.452 -0.00229734 2.25717
 -2.13027 -3.07038 -1.40636
 2.9847 -3.70559 1.69981
 2.10909 -3.02396 -1.71171


# name: sigma
# type: matrix
# rows: 4
# columns: 1
0.47434
0.444795
0.26273
0.316866
