# name: mu
# type: matrix
# rows: 3
# columns: 2
 2.10909 -3.02396 -1.71171
 -2.13027 -3.07038 -1.40636
 -1.452 -0.00229734 2.25717


# name: sigma
# type: matrix
# rows: 3
# columns: 1
0.316866
0.444795
0.47434
