# name: mu
# type: matrix
# rows: 8
# columns: 2
 0.159119 -2.35209 0.724501
 -2.66296 0.659682 4.22452
 1.96069 2.45098 2.21755
 0.621042 1.88141 -2.72141
 -1.82126 -3.53379 0.114347
 -5.57373 -0.985808 -4.46131
 1.096 -0.727295 0.280317
 0.693899 1.5076 -5.67012


# name: sigma
# type: matrix
# rows: 8
# columns: 1
0.377144
0.47726
0.392767
0.349499
0.339356
0.405132
0.301854
0.28129
