# name: mu
# type: matrix
# rows: 7
# columns: 2
 1.96069 2.45098 2.21755
 -2.66296 0.659682 4.22452
 0.621042 1.88141 -2.72141
 -1.82126 -3.53379 0.114347
 1.096 -0.727295 0.280317
 0.693899 1.5076 -5.67012
 -5.57373 -0.985808 -4.46131


# name: sigma
# type: matrix
# rows: 7
# columns: 1
0.392767
0.47726
0.349499
0.339356
0.301854
0.28129
0.405132
