# name: mu
# type: matrix
# rows: 4
# columns: 2
 7.64579 7.26185
 0.630051 -0.442472
 0.605889 0.555013
 0.206683 3.62683


# name: sigma
# type: matrix
# rows: 4
# columns: 1
0.902867
0.925553
0.983336
0.784752
