# name: mu
# type: matrix
# rows: 3
# columns: 2
 0.630051 -0.442472
 7.23614 6.90074
 0.605889 0.555013


# name: sigma
# type: matrix
# rows: 3
# columns: 1
0.925553
1.04775
0.983336
