# name: mu
# type: matrix
# rows: 2
# columns: 2
 -1.90751 -0.244213
 -7.9273 1.06169


# name: sigma
# type: matrix
# rows: 2
# columns: 1
0.933445
0.858467
