# name: mu
# type: matrix
# rows: 3
# columns: 2
 1.88152 -1.44474 -0.846516
 -1.50521 0.0223071 0.761927
 -1.58203 -0.80858 5.60413


# name: sigma
# type: matrix
# rows: 3
# columns: 1
0.307519
0.364838
0.31961
