# name: mu
# type: matrix
# rows: 4
# columns: 2
 1.88152 -1.44474 -0.846516
 -3.73178 -6.20549 7.06753
 -1.58203 -0.80858 5.60413
 -1.50521 0.0223071 0.761927


# name: sigma
# type: matrix
# rows: 4
# columns: 1
0.307519
0.332919
0.31961
0.364838
