# name: mu
# type: matrix
# rows: 9
# columns: 2
 -6.55545 -1.35992
 -10.7775 2.13118
 -9.76357 -1.96302
 -1.505 0.560459
 -5.85647 2.95295
 -1.59641 -1.2413
 10.3928 0.439531
 12.2966 1.99405
 22.8403 2.17468


# name: sigma
# type: matrix
# rows: 9
# columns: 1
0.989903
0.891862
0.902073
1.00815
0.940226
0.875287
1.09766
1.01907
1.05482
