# name: mu
# type: matrix
# rows: 6
# columns: 2
 -1.59641 -1.2413
 22.8403 2.17468
 -1.505 0.560459
 12.2966 1.99405
 9.02048 0.183739
 -5.24085 2.95806


# name: sigma
# type: matrix
# rows: 6
# columns: 1
0.875287
1.05482
1.00815
1.01907
1.49582
0.830819
