# name: mu
# type: matrix
# rows: 3
# columns: 2
 3.02259 -0.510988 -0.934572
 -0.526516 -2.00878 4.16572
 -1.15063 0.308142 -0.685368


# name: sigma
# type: matrix
# rows: 3
# columns: 1
0.296722
0.398184
0.312547
