# name: mu
# type: matrix
# rows: 3
# columns: 2
 -1.15063 0.308142 -0.685368
 -0.526516 -2.00878 4.16572
 2.20919 -0.43558 1.66737


# name: sigma
# type: matrix
# rows: 3
# columns: 1
0.312547
0.398184
0.223035
