# name: mu
# type: matrix
# rows: 5
# columns: 2
 10.0451 -1.21066
 -4.82953 0.292888
 -5.88927 2.25772
 1.59756 0.500739
 5.14156 0.314671


# name: sigma
# type: matrix
# rows: 5
# columns: 1
1.09123
0.721177
0.794371
0.86026
1.1281
