# name: mu
# type: matrix
# rows: 4
# columns: 2
 -4.82953 0.292888
 10.0451 -1.21066
 -5.88927 2.25772
 1.59756 0.500739


# name: sigma
# type: matrix
# rows: 4
# columns: 1
0.721177
1.09123
0.794371
0.86026
