# name: mu
# type: matrix
# rows: 6
# columns: 2
 15.2174 -4.81578
 -5.18017 -2.8554
 5.06049 25.468
 4.0396 -0.0508211
 -0.438925 0.0604969
 -4.90821 0.0299457


# name: sigma
# type: matrix
# rows: 6
# columns: 1
0.942042
0.946037
1.38439
0.928004
0.772794
1.3337
