# name: mu
# type: matrix
# rows: 5
# columns: 2
 -5.18017 -2.8554
 -0.438925 0.0604969
 -4.90821 0.0299457
 4.77489 0.119831
 5.06049 25.468


# name: sigma
# type: matrix
# rows: 5
# columns: 1
0.946037
0.772794
1.3337
0.835219
1.38439
