# name: mu
# type: matrix
# rows: 6
# columns: 2
 17.7962 -7.88217
 -11.028 -0.687579
 0.100015 0.589223
 -7.68474 6.11703
 -4.5463 7.25698
 -6.8193 -0.765766


# name: sigma
# type: matrix
# rows: 6
# columns: 1
1.04432
1.10878
0.866556
1.1072
0.812554
0.846889
