# name: mu
# type: matrix
# rows: 4
# columns: 2
 0.100015 0.589223
 -10.1175 0.208258
 -4.5463 7.25698
 -6.8193 -0.765766


# name: sigma
# type: matrix
# rows: 4
# columns: 1
0.866556
1.24558
0.812554
0.846889
