# name: mu
# type: matrix
# rows: 5
# columns: 2
 -3.91635 4.12483 3.80965
 -0.270919 1.31407 -3.06212
 -1.41754 -0.888306 1.23127
 1.43433 1.34044 2.29416
 0.950286 3.54622 -1.70075


# name: sigma
# type: matrix
# rows: 5
# columns: 1
0.302002
0.276216
0.279744
0.408751
0.301192
