# name: mu
# type: matrix
# rows: 4
# columns: 2
 -0.270919 1.31407 -3.06212
 -3.91635 4.12483 3.80965
 1.43433 1.34044 2.29416
 -1.41754 -0.888306 1.23127


# name: sigma
# type: matrix
# rows: 4
# columns: 1
0.276216
0.302002
0.408751
0.279744
