# name: mu
# type: matrix
# rows: 5
# columns: 2
 4.3518 -1.6658
 -3.31544 2.18573
 -2.52405 0.6466
 0.888589 -0.0221607
 -6.10933 1.05263


# name: sigma
# type: matrix
# rows: 5
# columns: 1
0.749853
0.749747
1.05772
0.962812
0.867407
