# name: mu
# type: matrix
# rows: 4
# columns: 2
 1.68508 -2.75441 -3.47729
 -0.182734 -4.99773 0.409312
 -0.943481 0.267919 0.591613
 0.257705 -0.611 -3.05053


# name: sigma
# type: matrix
# rows: 4
# columns: 1
0.275304
0.381855
0.360075
0.335204
