# name: mu
# type: matrix
# rows: 3
# columns: 2
 -0.182734 -4.99773 0.409312
 -0.943481 0.267919 0.591613
 1.68508 -2.75441 -3.47729


# name: sigma
# type: matrix
# rows: 3
# columns: 1
0.381855
0.360075
0.275304
