# name: mu
# type: matrix
# rows: 4
# columns: 2
 4.46268 -1.57324
 -0.237938 0.124108
 0.130329 0.809601
 -4.53875 -2.46681


# name: sigma
# type: matrix
# rows: 4
# columns: 1
0.929197
0.853139
0.981657
0.680997
