# name: mu
# type: matrix
# rows: 5
# columns: 2
 0.639471 0.841258
 -4.53875 -2.46681
 4.46268 -1.57324
 17.4985 1.22719
 -6.97457 -0.843572


# name: sigma
# type: matrix
# rows: 5
# columns: 1
1.07663
0.680997
0.929197
0.87839
1.0067
