# name: mu
# type: matrix
# rows: 5
# columns: 2
 -5.74176 2.33104
 9.75438 -0.921296
 3.23456 1.42294
 1.65105 0.334143
 17.833 5.97738


# name: sigma
# type: matrix
# rows: 5
# columns: 1
0.822041
0.730018
0.869292
1.08096
1.09476
