# name: mu
# type: matrix
# rows: 4
# columns: 2
 1.65105 0.334143
 3.23456 1.42294
 -5.74176 2.33104
 9.75438 -0.921296


# name: sigma
# type: matrix
# rows: 4
# columns: 1
1.08096
0.869292
0.822041
0.730018
