# name: mu
# type: matrix
# rows: 5
# columns: 2
 2.44453 1.86457
 5.23994 -0.390732
 2.3128 0.997904
 -5.16112 -0.833167
 4.10823 0.230774


# name: sigma
# type: matrix
# rows: 5
# columns: 1
1.0368
0.911394
0.810172
1.08146
1.01895
