# name: mu
# type: matrix
# rows: 5
# columns: 2
 3.05664 1.3046
 4.10823 0.230774
 10.3868 0.356477
 4.39922 3.05784
 -8.14398 -1.49913


# name: sigma
# type: matrix
# rows: 5
# columns: 1
1.37859
1.01895
0.817022
1.34972
0.800431
