# name: mu
# type: matrix
# rows: 4
# columns: 2
 0.52578 1.72459 -1.77482
 -5.81897 -3.04531 -1.39807
 0.801965 -0.876064 2.42689
 0.168317 1.55761 1.17676


# name: sigma
# type: matrix
# rows: 4
# columns: 1
0.388326
0.300296
0.291813
0.370133
