# name: mu
# type: matrix
# rows: 3
# columns: 2
 -5.81897 -3.04531 -1.39807
 0.52578 1.72459 -1.77482
 0.801965 -0.876064 2.42689


# name: sigma
# type: matrix
# rows: 3
# columns: 1
0.300296
0.388326
0.291813
