# name: mu
# type: matrix
# rows: 2
# columns: 2
 -1.94832 1.28675 -2.12011
 4.01701 -12.3407 1.93019


# name: sigma
# type: matrix
# rows: 2
# columns: 1
0.321042
0.36959
