# name: mu
# type: matrix
# rows: 3
# columns: 2
 -2.79139 2.68066 0.464729
 -1.22038 -0.0742822 -0.307478
 2.70007 1.42319 2.45135


# name: sigma
# type: matrix
# rows: 3
# columns: 1
0.280505
0.315281
0.360461
