# name: mu
# type: matrix
# rows: 4
# columns: 2
 5.26172 26.0795
 2.23702 0.48872
 -0.581239 0.0752635
 0.851416 -1.38749


# name: sigma
# type: matrix
# rows: 4
# columns: 1
0.849734
1.23918
0.977716
1.10517
