# name: mu
# type: matrix
# rows: 3
# columns: 2
 -0.581239 0.0752635
 0.0746916 -1.57937
 5.26172 26.0795


# name: sigma
# type: matrix
# rows: 3
# columns: 1
0.977716
0.99488
0.849734
