# name: mu
# type: matrix
# rows: 4
# columns: 2
 -2.17452 0.0847902
 0.183581 0.237633
 -0.973555 -0.0884733
 -0.90136 -0.298474


# name: sigma
# type: matrix
# rows: 4
# columns: 1
0.852677
0.869141
1.36815
1.03985
