# name: mu
# type: matrix
# rows: 6
# columns: 2
 0.825472 1.461
 2.34456 0.259461
 -13.3579 -3.13399
 4.39302 -0.885797
 -0.288368 0.23477
 0.111437 -0.696948


# name: sigma
# type: matrix
# rows: 6
# columns: 1
0.719572
0.767167
0.97346
1.09136
0.899772
0.91469
