# name: mu
# type: matrix
# rows: 5
# columns: 2
 2.34456 0.259461
 -0.288368 0.23477
 0.825472 1.461
 3.4332 6.01804
 4.39302 -0.885797


# name: sigma
# type: matrix
# rows: 5
# columns: 1
0.767167
0.899772
0.719572
1.12102
1.09136
