# name: mu
# type: matrix
# rows: 7
# columns: 2
 -0.517571 1.65363
 10.2281 0.441407
 13.993 5.55328
 1.4958 3.72891
 -1.69031 -3.95384
 7.43681 0.32338
 -4.63552 0.374074


# name: sigma
# type: matrix
# rows: 7
# columns: 1
0.775609
1.16372
1.01932
1.09037
0.860211
0.903142
0.870454
