# name: mu
# type: matrix
# rows: 6
# columns: 2
 12.1433 4.97221
 5.84054 -0.62325
 -4.63552 0.374074
 12.3633 1.59182
 2.43537 4.76701
 -0.517571 1.65363


# name: sigma
# type: matrix
# rows: 6
# columns: 1
1.00513
1.06807
0.870454
1.0033
1.06056
0.775609
