# name: mu
# type: matrix
# rows: 5
# columns: 2
 -4.512 -0.509018
 5.7043 -0.067228
 -0.0292508 -1.89765
 -0.0380041 -0.450191
 2.4724 -0.429757


# name: sigma
# type: matrix
# rows: 5
# columns: 1
1.00069
0.979507
0.876688
1.14393
0.923279
