# name: mu
# type: matrix
# rows: 4
# columns: 2
 -17.2758 5.51508
 -0.389546 -2.82095
 3.22671 0.328994
 0.996364 0.328124


# name: sigma
# type: matrix
# rows: 4
# columns: 1
0.791924
0.920815
0.863928
1.02388
