# name: mu
# type: matrix
# rows: 4
# columns: 2
 3.22671 0.328994
 -0.389546 -2.82095
 -0.744387 0.0620494
 -17.2758 5.51508


# name: sigma
# type: matrix
# rows: 4
# columns: 1
0.863928
0.920815
0.980482
0.791924
