# name: mu
# type: matrix
# rows: 5
# columns: 2
 -3.88642 2.59984
 -1.26893 -0.994849
 -6.22292 -5.4108
 -1.78431 -0.425265
 7.13122 -2.79057


# name: sigma
# type: matrix
# rows: 5
# columns: 1
0.837488
0.79998
1.24819
0.954643
0.838308
