# name: mu
# type: matrix
# rows: 7
# columns: 2
 -2.15183 -0.426837
 3.14763 -1.88026
 -6.66117 7.77683
 -9.79085 -6.51805
 5.59183 -3.55788
 -0.0217218 -2.6494
 3.30334 -0.270595


# name: sigma
# type: matrix
# rows: 7
# columns: 1
1.16424
0.854657
1.00086
1.02736
0.857637
1.06421
1.13018
