# name: mu
# type: matrix
# rows: 6
# columns: 2
 -9.79085 -6.51805
 7.49212 -0.930419
 3.30334 -0.270595
 -2.15183 -0.426837
 7.54789 13.8711
 -8.81311 5.32361


# name: sigma
# type: matrix
# rows: 6
# columns: 1
1.02736
0.980108
1.13018
1.16424
1.13512
1.44481
