# name: mu
# type: matrix
# rows: 3
# columns: 2
 0.500925 0.430819 -1.60501
 -4.77177 -1.68085 1.79094
 -3.4459 0.54968 5.32508


# name: sigma
# type: matrix
# rows: 3
# columns: 1
0.313894
0.333296
0.326249
