# name: mu
# type: matrix
# rows: 6
# columns: 2
 -0.0956165 -0.102897
 4.68729 -1.58081
 1.81187 -0.694831
 -8.56881 -3.72958
 11.5028 1.27555
 5.39294 3.64409


# name: sigma
# type: matrix
# rows: 6
# columns: 1
0.948558
0.812962
0.833687
0.947207
0.856669
0.944709
