# name: mu
# type: matrix
# rows: 7
# columns: 2
 -0.0956165 -0.102897
 5.39294 3.64409
 -6.83766 -3.78928
 4.68729 -1.58081
 11.5028 1.27555
 -8.56881 -3.72958
 1.81187 -0.694831


# name: sigma
# type: matrix
# rows: 7
# columns: 1
0.948558
0.944709
1.43577
0.812962
0.856669
0.947207
0.833687
