# name: mu
# type: matrix
# rows: 4
# columns: 2
 7.64991 11.0344 4.17843
 3.94136 -1.7794 2.42298
 -1.18528 -0.739945 1.69778
 -2.90468 -0.131372 -1.2859


# name: sigma
# type: matrix
# rows: 4
# columns: 1
0.422143
0.297574
0.287503
0.287117
