# name: mu
# type: matrix
# rows: 3
# columns: 2
 -1.18528 -0.739945 1.69778
 3.94136 -1.7794 2.42298
 7.64991 11.0344 4.17843


# name: sigma
# type: matrix
# rows: 3
# columns: 1
0.287503
0.297574
0.422143
