# name: mu
# type: matrix
# rows: 5
# columns: 2
 -2.38943 2.13109
 2.42855 0.688094
 1.4933 0.307304
 -1.49157 -0.830839
 -0.357799 0.1482


# name: sigma
# type: matrix
# rows: 5
# columns: 1
0.884004
0.842029
0.736455
0.841059
1.11267
