# name: mu
# type: matrix
# rows: 5
# columns: 2
 -1.49157 -0.830839
 1.4933 0.307304
 2.42855 0.688094
 -1.9869 -0.0252844
 -2.38943 2.13109


# name: sigma
# type: matrix
# rows: 5
# columns: 1
0.841059
0.736455
0.842029
1.33069
0.884004
