# name: mu
# type: matrix
# rows: 6
# columns: 2
 -0.337483 0.947775
 -11.4643 -2.09486
 -4.20093 -4.36328
 2.14638 -0.217763
 4.0664 -2.34139
 -8.07473 -3.93011


# name: sigma
# type: matrix
# rows: 6
# columns: 1
0.879841
1.05141
1.12358
1.02927
0.890088
1.16046
