# name: mu
# type: matrix
# rows: 5
# columns: 2
 4.43667 -1.76971
 2.14638 -0.217763
 -4.20093 -4.36328
 -1.96264 9.31524
 -11.4643 -2.09486


# name: sigma
# type: matrix
# rows: 5
# columns: 1
1.05276
1.02927
1.12358
1.00049
1.05141
