# name: mu
# type: matrix
# rows: 6
# columns: 2
 -2.74855 1.42268
 0.791459 -1.91241
 -0.238394 0.612907
 -2.49583 -0.191459
 -1.29159 0.790358
 4.01843 0.893283


# name: sigma
# type: matrix
# rows: 6
# columns: 1
0.779077
0.785441
0.820933
0.715899
0.886079
0.919224
