# name: mu
# type: matrix
# rows: 5
# columns: 2
 -2.74855 1.42268
 -0.465079 0.668324
 -2.49583 -0.191459
 0.576097 1.78147
 0.791459 -1.91241


# name: sigma
# type: matrix
# rows: 5
# columns: 1
0.779077
1.49507
0.715899
1.13939
0.785441
