# name: mu
# type: matrix
# rows: 5
# columns: 2
 -0.445805 -0.647266 -1.86677
 4.85248 -0.742474 0.288794
 0.0985025 0.984579 0.528474
 1.44524 4.11465 -7.42682
 -5.9916 -2.81076 -1.55658


# name: sigma
# type: matrix
# rows: 5
# columns: 1
0.292604
0.396171
0.275957
0.350171
0.343995
