# name: mu
# type: matrix
# rows: 5
# columns: 2
 2.61689 -3.33898 0.101416
 -0.445805 -0.647266 -1.86677
 0.0985025 0.984579 0.528474
 -5.9916 -2.81076 -1.55658
 1.44524 4.11465 -7.42682


# name: sigma
# type: matrix
# rows: 5
# columns: 1
0.347534
0.292604
0.275957
0.343995
0.350171
