# name: mu
# type: matrix
# rows: 5
# columns: 2
 0.245261 0.00711966
 -18.2259 -15.9189
 1.45875 0.584553
 0.503928 1.04933
 3.9078 -3.00632


# name: sigma
# type: matrix
# rows: 5
# columns: 1
0.914863
0.926949
0.878299
0.923247
0.904862
