# name: mu
# type: matrix
# rows: 5
# columns: 2
 0.609951 -0.624574
 0.938997 0.577574
 -3.70971 -4.15379
 4.59944 -1.68335
 -4.10504 -2.26408


# name: sigma
# type: matrix
# rows: 5
# columns: 1
1.51838
1.29247
0.903368
0.810527
0.777274
