# name: mu
# type: matrix
# rows: 5
# columns: 2
 0.938997 0.577574
 0.609951 -0.624574
 -3.70971 -4.15379
 -4.10504 -2.26408
 4.59944 -1.68335


# name: sigma
# type: matrix
# rows: 5
# columns: 1
1.29247
1.51838
0.903368
0.777274
0.810527
