# name: mu
# type: matrix
# rows: 4
# columns: 2
 5.94928 1.4403
 1.41166 -0.762136
 -1.70543 1.60887
 -1.15677 -0.515415


# name: sigma
# type: matrix
# rows: 4
# columns: 1
0.956135
0.799846
0.824668
0.860209
