# name: mu
# type: matrix
# rows: 5
# columns: 2
 -1.15677 -0.515415
 -1.82092 1.58588
 5.94928 1.4403
 -0.430162 0.59452
 1.41166 -0.762136


# name: sigma
# type: matrix
# rows: 5
# columns: 1
0.860209
1.03438
0.956135
0.898235
0.799846
