# name: mu
# type: matrix
# rows: 5
# columns: 2
 -2.92523 -0.769659
 -3.10019 -5.09548
 -0.431768 0.613575
 -0.231797 -0.284747
 -3.39898 -8.61682


# name: sigma
# type: matrix
# rows: 5
# columns: 1
0.866733
0.997621
0.978698
1.08879
0.999242
