# name: mu
# type: matrix
# rows: 5
# columns: 2
 0.251272 0.711942
 10.3506 -1.48749
 3.47367 0.481396
 14.8554 -5.59775
 -11.9869 -1.92065


# name: sigma
# type: matrix
# rows: 5
# columns: 1
0.999509
0.897115
0.873098
0.898699
0.956481
