# name: mu
# type: matrix
# rows: 4
# columns: 2
 15.8449 -5.28548
 3.47367 0.481396
 10.3506 -1.48749
 0.251272 0.711942


# name: sigma
# type: matrix
# rows: 4
# columns: 1
0.72707
0.873098
0.897115
0.999509
