# name: mu
# type: matrix
# rows: 4
# columns: 2
 1.42224 -0.280647
 -1.82096 -0.591366
 6.17565 -0.121925
 -11.6802 -3.97171


# name: sigma
# type: matrix
# rows: 4
# columns: 1
1.07619
1.19524
0.836281
1.07812
