# name: mu
# type: matrix
# rows: 5
# columns: 2
 3.9448 5.17708
 -5.6964 0.0770441
 0.112176 -0.211726
 -3.21366 0.960978
 1.89562 3.41429


# name: sigma
# type: matrix
# rows: 5
# columns: 1
0.616928
1.04325
1.21628
1.03625
0.795861
