# name: mu
# type: matrix
# rows: 4
# columns: 2
 -3.21366 0.960978
 3.9448 5.17708
 -1.70756 -4.38348
 0.112176 -0.211726


# name: sigma
# type: matrix
# rows: 4
# columns: 1
1.03625
0.616928
0.884169
1.21628
