# name: mu
# type: matrix
# rows: 3
# columns: 2
 -1.17149 1.27151 -3.2402
 0.318852 0.993485 0.213709
 -1.38131 -0.00614753 3.00717


# name: sigma
# type: matrix
# rows: 3
# columns: 1
0.258485
0.233431
0.296184
