# name: mu
# type: matrix
# rows: 4
# columns: 2
 0.0832792 -0.897769
 -5.79439 29.6101
 -3.56776 1.65237
 16.6386 -6.15238


# name: sigma
# type: matrix
# rows: 4
# columns: 1
0.82897
1.17774
0.887982
1.00327
