# name: mu
# type: matrix
# rows: 4
# columns: 2
 -3.56776 1.65237
 -5.79439 29.6101
 8.51219 21.2616
 0.0832792 -0.897769


# name: sigma
# type: matrix
# rows: 4
# columns: 1
0.887982
1.17774
1.1154
0.82897
