# name: mu
# type: matrix
# rows: 6
# columns: 2
 -4.4201 -0.185954
 1.41257 -0.293726
 -5.61368 0.0106709
 -1.2698 -0.361963
 -3.88064 1.12407
 8.11881 -2.15057


# name: sigma
# type: matrix
# rows: 6
# columns: 1
0.791741
0.959709
0.878727
1.02146
0.885679
0.974985
