# name: mu
# type: matrix
# rows: 8
# columns: 2
 3.60078 0.617354
 4.97195 -0.896666
 -2.42871 -0.120109
 0.85395 0.596767
 4.19326 1.50284
 -8.69144 -3.61839
 -0.181765 -3.64021
 8.32336 -16.7126


# name: sigma
# type: matrix
# rows: 8
# columns: 1
0.937328
1.09422
1.22962
0.965876
0.819784
0.790704
0.998958
1.00585
