# name: mu
# type: matrix
# rows: 7
# columns: 2
 -8.69144 -3.61839
 4.97195 -0.896666
 -0.181765 -3.64021
 3.60078 0.617354
 -2.42871 -0.120109
 0.85395 0.596767
 4.19326 1.50284


# name: sigma
# type: matrix
# rows: 7
# columns: 1
0.790704
1.09422
0.998958
0.937328
1.22962
0.965876
0.819784
