# name: mu
# type: matrix
# rows: 4
# columns: 2
 -11.5335 4.22065
 3.51985 0.39903
 -0.385219 -2.71808
 -8.14238 2.03116


# name: sigma
# type: matrix
# rows: 4
# columns: 1
1.0268
0.805569
0.766491
1.04979
