# name: mu
# type: matrix
# rows: 4
# columns: 2
 -8.14238 2.03116
 -0.385219 -2.71808
 3.51985 0.39903
 -11.5335 4.22065


# name: sigma
# type: matrix
# rows: 4
# columns: 1
1.04979
0.766491
0.805569
1.0268
