# name: mu
# type: matrix
# rows: 4
# columns: 2
 4.3243 0.883644
 -0.450012 0.66844
 -0.813819 0.379978
 -9.17172 -0.911753


# name: sigma
# type: matrix
# rows: 4
# columns: 1
0.924146
0.785959
1.12374
0.773046
