# name: mu
# type: matrix
# rows: 3
# columns: 2
 -0.813819 0.379978
 -0.450012 0.66844
 4.3243 0.883644


# name: sigma
# type: matrix
# rows: 3
# columns: 1
1.12374
0.785959
0.924146
