# name: mu
# type: matrix
# rows: 4
# columns: 2
 0.910817 0.766525 -4.33027
 -1.35062 0.751819 1.11215
 -0.230691 2.54916 -1.15196
 -0.772882 -1.0622 -1.78393


# name: sigma
# type: matrix
# rows: 4
# columns: 1
0.253423
0.296235
0.401694
0.278286
