# name: mu
# type: matrix
# rows: 3
# columns: 2
 0.434094 0.919729 2.13107
 -0.303274 -1.96858 -2.3513
 2.74649 -2.80503 -4.15591


# name: sigma
# type: matrix
# rows: 3
# columns: 1
0.272956
0.289631
0.315054
