# name: mu
# type: matrix
# rows: 6
# columns: 2
 0.37552 0.660296
 7.53796 0.488677
 -9.70814 0.419457
 4.37912 -1.63564
 -0.364344 2.02612
 -13.8815 -5.95558


# name: sigma
# type: matrix
# rows: 6
# columns: 1
0.95097
1.04733
1.16337
0.672184
1.23704
0.801944
