# name: mu
# type: matrix
# rows: 4
# columns: 2
 4.37912 -1.63564
 -9.70814 0.419457
 0.37552 0.660296
 7.53796 0.488677


# name: sigma
# type: matrix
# rows: 4
# columns: 1
0.672184
1.16337
0.95097
1.04733
