# name: mu
# type: matrix
# rows: 4
# columns: 2
 -2.16764 0.868604
 4.11134 0.0993343
 -3.66052 9.99854
 -4.44466 3.75607


# name: sigma
# type: matrix
# rows: 4
# columns: 1
0.991179
0.803547
0.726029
0.901506
