# name: mu
# type: matrix
# rows: 4
# columns: 2
 4.11134 0.0993343
 -3.66052 9.99854
 -4.64919 3.61334
 -2.16764 0.868604


# name: sigma
# type: matrix
# rows: 4
# columns: 1
0.803547
0.726029
0.914937
0.991179
