# name: mu
# type: matrix
# rows: 8
# columns: 2
 -3.41413 -5.96712
 2.94697 -0.32544
 -0.680211 -0.727272
 7.72021 -2.35166
 12.8497 1.51733
 -0.08664 1.11105
 -9.86961 4.08065
 6.09764 -10.7835


# name: sigma
# type: matrix
# rows: 8
# columns: 1
1.142
1.12243
0.925395
0.956166
0.916417
0.807035
0.888009
0.940957
