# name: mu
# type: matrix
# rows: 7
# columns: 2
 -0.08664 1.11105
 7.72021 -2.35166
 2.94697 -0.32544
 -9.86961 4.08065
 -0.680211 -0.727272
 12.8497 1.51733
 6.09764 -10.7835


# name: sigma
# type: matrix
# rows: 7
# columns: 1
0.807035
0.956166
1.12243
0.888009
0.925395
0.916417
0.940957
