# name: mu
# type: matrix
# rows: 6
# columns: 2
 -12.7475 3.11235
 1.11037 -0.0372314
 -10.3623 -1.54492
 1.15943 -0.912452
 4.48782 0.0296132
 -2.62214 -3.65973


# name: sigma
# type: matrix
# rows: 6
# columns: 1
0.982944
1.02216
1.27827
0.67561
0.894648
1.0531
