# name: mu
# type: matrix
# rows: 5
# columns: 2
 -10.3623 -1.54492
 1.11037 -0.0372314
 1.15943 -0.912452
 -2.62214 -3.65973
 4.48782 0.0296132


# name: sigma
# type: matrix
# rows: 5
# columns: 1
1.27827
1.02216
0.67561
1.0531
0.894648
