# name: mu
# type: matrix
# rows: 4
# columns: 2
 -0.972895 0.724991
 0.445725 -0.310752
 2.47707 0.796294
 -7.40564 1.45968


# name: sigma
# type: matrix
# rows: 4
# columns: 1
0.811017
0.863383
0.898401
1.11932
