# name: mu
# type: matrix
# rows: 4
# columns: 2
 -4.16694 0.721515
 -0.738633 -0.778017
 2.33336 0.517637
 -2.92742 2.02097


# name: sigma
# type: matrix
# rows: 4
# columns: 1
1.19971
0.717457
1.17138
0.882948
