# name: mu
# type: matrix
# rows: 6
# columns: 2
 1.14419 -3.50998 -4.24557
 -1.33372 -2.15393 1.65035
 -5.48543 -2.6946 -2.99373
 -1.15544 1.08159 1.70915
 2.02918 -0.813165 0.630556
 -1.594 1.17747 -1.4926


# name: sigma
# type: matrix
# rows: 6
# columns: 1
0.259795
0.336644
0.35713
0.289012
0.280629
0.240279
