# name: mu
# type: matrix
# rows: 4
# columns: 2
 -1.33372 -2.15393 1.65035
 -1.15544 1.08159 1.70915
 1.14419 -3.50998 -4.24557
 -5.48543 -2.6946 -2.99373


# name: sigma
# type: matrix
# rows: 4
# columns: 1
0.336644
0.289012
0.259795
0.35713
