# name: mu
# type: matrix
# rows: 5
# columns: 2
 2.97978 -0.628104
 -3.97377 -2.50957
 2.2292 0.471779
 -8.04564 -1.16246
 9.36144 -1.37509


# name: sigma
# type: matrix
# rows: 5
# columns: 1
0.945474
1.22125
0.828803
1.26154
0.951427
