# name: mu
# type: matrix
# rows: 4
# columns: 2
 3.17035 0.311834
 2.97978 -0.628104
 -1.20825 -13.8592
 -18.3731 8.90644


# name: sigma
# type: matrix
# rows: 4
# columns: 1
1.14363
0.945474
1.06471
1.01337
