# name: mu
# type: matrix
# rows: 7
# columns: 2
 0.737526 0.487443
 3.27129 -0.871778
 -2.0182 -10.5839
 -1.68338 -0.398796
 12.554 1.84703
 -4.62257 -1.56022
 8.18032 3.01266


# name: sigma
# type: matrix
# rows: 7
# columns: 1
1.11728
0.753945
1.17463
0.937621
0.982513
0.833462
1.07887
