# name: mu
# type: matrix
# rows: 4
# columns: 2
 3.27129 -0.871778
 8.18032 3.01266
 -4.99492 -0.973308
 3.00268 -5.97188


# name: sigma
# type: matrix
# rows: 4
# columns: 1
0.753945
1.07887
1.37082
1.12886
