# name: mu
# type: matrix
# rows: 6
# columns: 2
 4.84472 0.642549
 -5.16586 -13.3041
 -5.76763 -1.98579
 -7.48777 3.35093
 -4.56685 -6.49852
 1.93169 -2.67711


# name: sigma
# type: matrix
# rows: 6
# columns: 1
1.16117
0.85548
0.771614
0.959162
1.01763
1.08224
