# name: mu
# type: matrix
# rows: 5
# columns: 2
 -7.48777 3.35093
 1.93169 -2.67711
 -8.52789 6.96815
 -6.62913 -8.19817
 -5.76763 -1.98579


# name: sigma
# type: matrix
# rows: 5
# columns: 1
0.959162
1.08224
0.877379
0.936826
0.771614
