# name: mu
# type: matrix
# rows: 3
# columns: 2
 -1.73112 -0.469753 -3.75863
 0.214991 0.82233 2.83731
 -0.947853 -4.79101 1.04224


# name: sigma
# type: matrix
# rows: 3
# columns: 1
0.319824
0.296464
0.263215
