# name: mu
# type: matrix
# rows: 5
# columns: 2
 -9.27178 0.647761
 4.3437 -0.266368
 -1.65302 -0.0636928
 -3.63843 -1.23603
 -5.27581 -1.90628


# name: sigma
# type: matrix
# rows: 5
# columns: 1
0.96167
0.954247
1.1648
0.866165
0.784331
