# name: mu
# type: matrix
# rows: 5
# columns: 2
 8.08387 0.833997
 -0.304519 -0.912709
 4.85717 0.679999
 0.946706 0.883052
 -2.63197 2.87617


# name: sigma
# type: matrix
# rows: 5
# columns: 1
0.798709
0.731363
1.00461
0.953885
1.02839
