# name: mu
# type: matrix
# rows: 4
# columns: 2
 8.08387 0.833997
 4.85717 0.679999
 -0.304519 -0.912709
 -4.15416 0.152929


# name: sigma
# type: matrix
# rows: 4
# columns: 1
0.798709
1.00461
0.731363
1.22047
