# name: mu
# type: matrix
# rows: 3
# columns: 2
 -2.35781 -2.38259 -1.57926
 -0.203835 0.218347 0.870233
 2.30631 0.70451 -2.44196


# name: sigma
# type: matrix
# rows: 3
# columns: 1
0.382188
0.356216
0.262792
