# name: mu
# type: matrix
# rows: 8
# columns: 2
 -8.29116 0.15358
 2.15356 0.524324
 2.02784 0.0737367
 -4.50046 0.443238
 0.655898 1.50098
 12.9253 -1.97385
 3.31868 -1.12369
 -8.64763 7.21369


# name: sigma
# type: matrix
# rows: 8
# columns: 1
0.809166
1.25527
1.08716
0.84635
0.814181
1.16473
0.849441
0.853812
