# name: mu
# type: matrix
# rows: 6
# columns: 2
 -6.71543 0.805886
 -8.29116 0.15358
 -9.28832 -0.630722
 2.02784 0.0737367
 3.31868 -1.12369
 0.655898 1.50098


# name: sigma
# type: matrix
# rows: 6
# columns: 1
0.97121
0.809166
0.869576
1.08716
0.849441
0.814181
