# name: mu
# type: matrix
# rows: 1
# columns: 2
 0.846107 0.124339


# name: sigma
# type: matrix
# rows: 1
# columns: 1
1.13034
