# name: mu
# type: matrix
# rows: 6
# columns: 2
 6.79865 1.46611
 -3.65513 0.469986
 -13.9147 4.38807
 7.59856 -0.521439
 2.24284 -0.495325
 7.20954 -2.26901


# name: sigma
# type: matrix
# rows: 6
# columns: 1
0.92865
0.848096
1.4473
0.676287
1.03537
0.860438
