# name: mu
# type: matrix
# rows: 4
# columns: 2
 7.00676 -2.27247
 -3.48156 0.186503
 -13.9147 4.38807
 2.1399 -0.483333


# name: sigma
# type: matrix
# rows: 4
# columns: 1
0.963785
0.882969
1.4473
1.18754
