# name: mu
# type: matrix
# rows: 3
# columns: 2
 0.227044 1.37818 2.97282
 -1.73217 -0.448905 -0.192437
 0.420672 3.25653 -0.497227


# name: sigma
# type: matrix
# rows: 3
# columns: 1
0.234148
0.262016
0.290576
