# name: mu
# type: matrix
# rows: 2
# columns: 2
 1.43725 0.992262
 2.53403 0.708978


# name: sigma
# type: matrix
# rows: 2
# columns: 1
0.929251
0.705598
