# name: mu
# type: matrix
# rows: 4
# columns: 2
 -0.62879 -0.694181
 -5.72763 0.341833
 -0.82572 -0.288388
 -1.84925 1.23005


# name: sigma
# type: matrix
# rows: 4
# columns: 1
0.716164
0.808029
0.846801
0.882583
