# name: mu
# type: matrix
# rows: 4
# columns: 2
 -5.72763 0.341833
 -0.62879 -0.694181
 13.7588 -1.94311
 -0.82572 -0.288388


# name: sigma
# type: matrix
# rows: 4
# columns: 1
0.808029
0.716164
1.01524
0.846801
